0 0.08 0.04
1 0.23 0.36
2 0.27 0.26
3 0.36 0.05
4 0.25 0.42
5 0.35 0.4
6 0.13 0.09
7 0.23 0.25
8 0.36 0.42
9 0.03 0.21
10 0.26 0.43
11 0.29 0.39
12 0.02 0.14
13 0.44 0.39
14 0.21 0.08
15 0.18 0.5
16 0.36 0.06
17 0.34 0.33
18 0.43 0.22
19 0.21 0.39
20 0.24 0.36
21 0.35 0.23
22 0.02 0.04
23 0.29 0.21
24 0.02 0.37
25 0.48 0.14
26 0.15 0.28
27 0.39 0.42
28 0.44 0.23
29 0.12 0.09
30 0.36 0.11
31 0.48 0.15
32 0.34 0.23
33 0.14 0.49
34 0.42 0.34
35 0.34 0.2
36 0.03 0.47
37 0.11 0.4
38 0.48 0.06
39 0.05 0.14
40 0.44 0.21
41 0.28 0.37
42 0.37 0.37
43 0.15 0.08
44 0.41 0.38
45 0.02 0.22
46 0.09 0.16
47 0.29 0.13
48 0.08 0.39
49 0.35 0.41
50 0.11 0.21
51 0.11 0.14
52 0.08 0.09
53 0.17 0.32
54 0.34 0.16
55 0.17 0.04
56 0.19 0.12
57 0.31 0.44
58 0.43 0.39
59 0.19 0.13
60 0.37 0.49
61 0.1 0.01
62 0.1 0.28
63 0.27 0.17
64 0.21 0.48
65 0.26 0.46
66 0.42 0.23
67 0.24 0.15
68 0.34 0.19
69 0.02 0.22
70 0.03 0.34
71 0.04 0.42
72 0.46 0.21
73 0.21 0.05
74 0.25 0.48
75 0.42 0.17
76 0.11 0.05
77 0.28 0.39
78 0.3 0.27
79 0.33 0.41
80 0.36 0.01
81 0.38 0.43
82 0.11 0.44
83 0.47 0.32
84 0.47 0.4
85 0.32 0.19
86 0.01 0.05
87 0.21 0.29
88 0.02 0.28
89 0.37 0.1
90 0.16 0.2
91 0.22 0.47
92 0.41 0.31
93 0.49 0.22
94 0.15 0.43
95 0.4 0.05
96 0.42 0.14
97 0.08 0.07
98 0.43 0.42
99 0.18 0.21
