955
0 9 0.17
0 89 0.15
0 50 0.04
0 68 0.14
0 40 0.18
0 63 0.17
0 72 0.10
0 58 0.06
0 48 0.07
0 57 0.13
0 43 0.06
0 15 0.08
0 24 0.17
1 15 0.16
1 24 0.11
1 10 0.16
1 55 0.19
1 64 0.15
1 41 0.13
1 59 0.19
1 8 0.08
1 17 0.10
2 45 0.13
2 13 0.17
2 8 0.02
2 3 0.10
2 91 0.12
2 99 0.10
2 58 0.17
2 1 0.02
2 74 0.05
2 92 0.04
2 73 0.16
3 42 0.07
3 97 0.05
3 87 0.08
3 46 0.11
3 64 0.17
3 22 0.15
3 8 0.02
3 26 0.20
3 30 0.15
3 66 0.18
3 20 0.17
4 82 0.13
4 39 0.17
4 89 0.19
4 88 0.05
4 55 0.15
4 23 0.04
4 45 0.16
4 31 0.18
5 65 0.09
5 64 0.16
5 73 0.11
5 30 0.01
5 6 0.02
5 52 0.02
5 56 0.11
5 33 0.07
5 0 0.18
5 4 0.05
5 13 0.04
6 46 0.02
6 32 0.08
6 18 0.17
6 80 0.15
7 63 0.11
7 52 0.06
7 10 0.15
7 0 0.13
7 97 0.17
7 73 0.12
7 50 0.16
7 45 0.19
7 31 0.03
7 49 0.09
8 21 0.08
8 89 0.18
8 39 0.13
8 66 0.05
8 6 0.14
8 5 0.12
8 23 0.09
9 57 0.15
9 66 0.01
9 20 0.15
9 47 0.12
9 5 0.20
9 84 0.16
9 83 0.02
9 92 0.10
9 37 0.07
9 59 0.06
9 4 0.18
10 39 0.18
10 6 0.14
10 86 0.14
10 66 0.13
10 4 0.18
10 74 0.11
11 97 0.13
11 22 0.05
11 75 0.15
11 19 0.02
12 95 0.16
12 29 0.06
12 23 0.06
12 93 0.15
12 79 0.16
12 65 0.09
12 74 0.17
12 83 0.14
12 45 0.10
12 54 0.08
12 40 0.13
13 60 0.02
13 59 0.14
13 63 0.12
13 94 0.04
13 71 0.11
13 66 0.07
13 34 0.17
13 52 0.08
13 19 0.14
13 4 0.13
14 18 0.15
14 79 0.09
14 88 0.04
14 3 0.12
14 11 0.13
14 53 0.03
14 20 0.02
15 11 0.11
15 81 0.01
15 99 0.04
15 52 0.15
15 24 0.05
15 18 0.09
15 69 0.02
15 27 0.17
15 44 0.19
16 97 0.07
16 65 0.04
16 74 0.12
16 55 0.05
16 17 0.03
16 26 0.10
16 7 0.05
16 2 0.11
16 72 0.11
16 81 0.12
16 48 0.08
16 61 0.03
16 11 0.02
16 98 0.04
17 44 0.15
17 53 0.12
17 39 0.14
17 75 0.08
17 93 0.10
17 18 0.12
17 72 0.13
18 30 0.07
18 76 0.14
18 85 0.12
18 75 0.10
18 42 0.17
18 37 0.01
18 5 0.04
18 88 0.12
18 78 0.02
18 41 0.08
18 50 0.01
18 31 0.05
19 9 0.08
19 18 0.11
19 93 0.10
19 92 0.15
19 96 0.03
19 41 0.17
19 45 0.12
19 26 0.02
19 95 0.06
19 99 0.16
19 67 0.06
19 76 0.16
19 48 0.13
19 66 0.16
19 52 0.03
19 10 0.14
19 14 0.04
20 85 0.11
20 51 0.04
20 10 0.09
20 4 0.18
20 98 0.02
20 78 0.08
20 82 0.06
20 7 0.16
21 16 0.13
21 81 0.13
21 85 0.09
21 53 0.02
21 57 0.16
21 11 0.10
21 15 0.12
22 3 0.06
22 21 0.08
22 7 0.10
22 6 0.16
22 1 0.06
22 67 0.10
22 70 0.08
22 24 0.08
23 85 0.08
23 62 0.03
23 68 0.08
23 45 0.06
23 63 0.19
23 8 0.14
23 21 0.15
24 82 0.11
24 22 0.19
24 40 0.06
24 7 0.08
24 34 0.14
24 53 0.13
24 80 0.14
25 33 0.13
25 10 0.07
25 60 0.16
25 37 0.06
25 50 0.04
25 40 0.02
25 3 0.08
25 96 0.06
25 67 0.02
26 72 0.16
26 70 0.07
26 79 0.18
26 45 0.11
26 49 0.13
27 60 0.08
27 55 0.17
27 91 0.18
27 59 0.12
27 22 0.07
27 35 0.10
27 43 0.02
27 65 0.19
27 33 0.04
27 10 0.20
28 89 0.16
28 33 0.10
28 4 0.13
28 36 0.09
28 31 0.11
28 11 0.17
28 95 0.08
29 15 0.03
29 65 0.09
29 87 0.07
29 55 0.17
30 13 0.07
30 92 0.03
30 41 0.14
30 27 0.01
30 36 0.09
30 3 0.07
30 2 0.20
30 71 0.19
30 80 0.04
30 24 0.01
30 28 0.09
31 80 0.15
31 89 0.14
31 48 0.20
31 57 0.18
31 34 0.15
31 52 0.16
31 1 0.12
31 92 0.03
31 82 0.02
31 8 0.04
31 17 0.13
31 30 0.02
31 7 0.09
31 25 0.12
32 60 0.03
32 87 0.18
32 96 0.01
32 58 0.10
32 17 0.07
32 16 0.07
32 48 0.07
32 66 0.13
32 38 0.07
33 1 0.19
33 14 0.11
33 79 0.12
33 51 0.14
33 87 0.02
33 40 0.16
33 44 0.09
33 96 0.11
33 81 0.17
33 62 0.03
33 89 0.13
34 90 0.16
34 71 0.03
34 75 0.03
34 18 0.09
34 60 0.05
34 50 0.01
34 36 0.09
35 88 0.12
35 78 0.10
35 96 0.14
35 68 0.12
35 44 0.12
35 11 0.11
35 95 0.04
35 81 0.11
35 76 0.10
35 34 0.03
35 47 0.11
35 37 0.03
35 32 0.13
35 18 0.04
36 23 0.02
36 50 0.19
36 54 0.16
36 8 0.15
36 16 0.10
36 25 0.14
36 90 0.08
37 12 0.02
37 86 0.05
37 80 0.07
37 61 0.14
37 20 0.19
37 87 0.11
38 4 0.02
38 84 0.12
38 40 0.10
38 7 0.08
38 11 0.07
38 71 0.18
38 52 0.04
39 10 0.08
39 5 0.11
39 14 0.20
39 50 0.18
39 54 0.14
39 72 0.07
39 31 0.09
39 3 0.19
39 16 0.03
39 1 0.14
40 36 0.02
40 54 0.02
40 44 0.15
40 99 0.19
40 52 0.04
40 20 0.10
40 51 0.03
40 0 0.16
40 18 0.09
40 97 0.16
40 74 0.17
40 83 0.12
40 69 0.08
41 24 0.03
41 14 0.13
41 32 0.11
41 93 0.12
41 74 0.17
41 44 0.02
41 12 0.16
41 2 0.09
41 20 0.10
41 95 0.07
41 53 0.02
42 81 0.13
42 66 0.18
42 15 0.12
42 84 0.11
42 74 0.05
42 64 0.19
42 73 0.13
43 64 0.16
43 91 0.13
43 68 0.15
43 36 0.15
43 20 0.20
43 48 0.14
43 51 0.11
43 5 0.19
44 10 0.12
44 19 0.03
44 74 0.09
44 92 0.01
44 78 0.14
44 27 0.13
44 54 0.09
44 91 0.04
44 81 0.01
44 66 0.18
45 12 0.07
45 30 0.16
45 86 0.19
45 94 0.09
45 39 0.10
45 66 0.11
45 56 0.14
45 28 0.06
46 13 0.04
46 36 0.16
46 22 0.05
46 17 0.05
46 85 0.16
46 62 0.13
46 43 0.16
46 33 0.03
46 23 0.02
47 89 0.07
47 15 0.19
47 92 0.04
47 50 0.16
47 45 0.08
47 44 0.01
47 16 0.20
47 90 0.04
47 99 0.03
48 49 0.18
48 17 0.06
48 12 0.02
48 30 0.05
48 25 0.10
48 34 0.01
48 20 0.06
48 70 0.10
48 56 0.14
48 24 0.12
48 0 0.02
48 18 0.18
48 97 0.09
48 50 0.08
49 98 0.18
49 83 0.20
49 13 0.11
49 21 0.14
49 66 0.20
49 70 0.01
49 15 0.05
50 86 0.02
50 47 0.06
50 98 0.03
50 77 0.07
50 54 0.02
50 7 0.16
51 82 0.11
51 53 0.05
51 12 0.12
51 24 0.18
51 60 0.16
51 41 0.05
51 88 0.10
52 51 0.10
52 93 0.06
52 78 0.04
52 30 0.03
52 94 0.17
53 67 0.17
53 61 0.11
53 47 0.03
53 83 0.16
53 68 0.13
53 12 0.04
53 21 0.03
53 39 0.05
54 22 0.17
54 3 0.07
54 16 0.06
54 99 0.06
54 80 0.02
54 57 0.16
54 70 0.05
54 47 0.12
55 84 0.03
55 56 0.10
55 42 0.18
55 3 0.08
55 88 0.14
55 74 0.01
55 87 0.16
55 17 0.09
55 53 0.08
55 81 0.18
56 21 0.14
56 67 0.02
56 80 0.09
56 52 0.16
56 51 0.02
56 1 0.13
56 18 0.08
56 88 0.04
56 60 0.01
56 46 0.07
56 73 0.07
57 93 0.08
57 92 0.15
57 78 0.04
57 82 0.10
57 35 0.13
57 44 0.15
57 90 0.02
57 8 0.13
57 71 0.09
57 80 0.08
57 29 0.04
57 47 0.14
57 65 0.11
57 33 0.20
57 9 0.09
58 62 0.03
58 48 0.07
58 84 0.11
58 79 0.13
58 18 0.10
58 36 0.19
58 45 0.06
58 72 0.17
58 35 0.05
59 25 0.01
59 80 0.02
59 48 0.07
59 43 0.15
59 38 0.01
59 28 0.15
59 83 0.14
59 60 0.14
60 41 0.06
60 3 0.15
60 88 0.19
60 78 0.14
60 87 0.04
60 55 0.11
60 36 0.10
60 35 0.15
60 53 0.10
60 76 0.13
60 85 0.17
60 71 0.10
60 38 0.09
60 51 0.04
61 86 0.07
61 99 0.18
61 94 0.18
61 56 0.20
61 88 0.10
61 17 0.20
62 74 0.03
62 68 0.04
62 77 0.13
62 63 0.11
62 39 0.18
62 7 0.05
62 67 0.05
62 56 0.19
62 24 0.07
62 18 0.12
62 98 0.09
63 33 0.17
63 23 0.11
63 89 0.05
63 45 0.10
63 49 0.19
63 16 0.20
63 91 0.03
63 81 0.06
63 67 0.18
63 85 0.16
63 48 0.07
64 16 0.03
64 15 0.18
64 61 0.02
64 38 0.19
64 10 0.14
64 23 0.19
64 87 0.12
64 55 0.05
64 44 0.15
65 97 0.06
65 78 0.03
65 82 0.02
65 91 0.13
65 77 0.18
65 36 0.10
65 20 0.10
65 61 0.06
65 19 0.17
65 41 0.16
66 80 0.07
66 43 0.10
66 61 0.11
66 24 0.15
66 28 0.13
66 23 0.18
66 58 0.15
66 2 0.08
66 91 0.07
66 90 0.02
67 44 0.16
67 57 0.02
67 66 0.08
67 84 0.08
67 24 0.06
67 10 0.05
67 37 0.08
67 32 0.01
67 83 0.15
67 55 0.04
68 93 0.03
68 64 0.12
68 41 0.13
68 50 0.16
68 63 0.19
68 40 0.05
68 16 0.02
68 86 0.13
68 33 0.09
68 14 0.02
68 32 0.17
68 9 0.18
69 99 0.16
69 51 0.09
69 18 0.15
69 4 0.13
69 92 0.19
69 36 0.13
69 49 0.06
69 58 0.11
69 44 0.04
70 73 0.04
70 36 0.18
70 54 0.02
70 49 0.14
70 3 0.01
70 72 0.05
70 33 0.09
70 14 0.18
70 9 0.19
70 18 0.12
70 92 0.12
70 60 0.07
71 19 0.16
71 4 0.10
71 69 0.04
71 59 0.09
71 68 0.16
71 7 0.15
71 25 0.09
71 6 0.08
71 66 0.14
71 84 0.09
72 90 0.18
72 85 0.08
72 24 0.04
72 51 0.13
72 60 0.02
72 55 0.18
72 41 0.03
72 36 0.04
72 83 0.06
72 45 0.17
72 54 0.12
72 40 0.15
72 12 0.19
73 87 0.08
73 36 0.18
73 54 0.17
73 40 0.10
73 98 0.13
73 48 0.11
73 70 0.01
74 52 0.03
74 56 0.20
74 65 0.14
74 37 0.10
74 5 0.20
74 54 0.15
74 72 0.10
74 17 0.07
74 81 0.02
75 48 0.18
75 52 0.02
75 23 0.02
75 32 0.14
75 93 0.17
75 97 0.09
75 69 0.16
75 87 0.19
75 45 0.16
76 8 0.07
76 83 0.06
76 68 0.13
76 77 0.19
76 54 0.10
76 67 0.02
76 21 0.10
76 30 0.15
76 11 0.05
76 43 0.03
76 56 0.08
76 55 0.10
76 9 0.07
77 76 0.11
77 52 0.13
77 0 0.04
77 4 0.08
77 17 0.16
77 92 0.09
77 73 0.02
77 26 0.15
77 62 0.06
77 30 0.15
77 39 0.14
78 59 0.02
78 30 0.19
78 43 0.15
78 38 0.17
78 14 0.05
78 23 0.10
78 32 0.17
78 18 0.14
78 96 0.17
79 51 0.02
79 74 0.10
79 69 0.17
79 55 0.02
79 36 0.14
79 49 0.12
79 3 0.11
79 12 0.15
79 20 0.03
79 75 0.06
79 61 0.06
79 29 0.05
79 56 0.09
80 95 0.03
80 71 0.14
80 89 0.15
80 84 0.05
80 93 0.16
80 51 0.11
80 60 0.10
80 10 0.18
80 28 0.17
80 32 0.03
80 41 0.04
80 0 0.11
80 18 0.13
80 55 0.15
80 86 0.17
80 34 0.08
81 35 0.03
81 76 0.15
81 71 0.16
81 56 0.09
81 37 0.16
81 5 0.11
81 13 0.19
81 22 0.08
82 24 0.05
82 5 0.11
82 93 0.15
82 60 0.06
82 91 0.18
82 30 0.13
82 1 0.09
82 72 0.06
82 84 0.13
82 34 0.06
82 43 0.17
83 2 0.06
83 20 0.03
83 90 0.04
83 42 0.17
83 0 0.11
83 82 0.19
83 72 0.18
83 53 0.18
84 64 0.17
84 40 0.07
84 1 0.16
84 95 0.01
84 99 0.12
84 80 0.18
84 48 0.12
84 51 0.10
85 75 0.11
85 47 0.12
85 65 0.18
85 10 0.06
85 88 0.05
85 97 0.08
85 78 0.13
86 58 0.08
86 67 0.20
86 95 0.10
86 76 0.08
86 43 0.03
86 24 0.10
86 33 0.02
86 88 0.15
86 91 0.03
86 68 0.06
87 98 0.04
87 22 0.16
87 31 0.10
87 44 0.17
87 2 0.02
87 85 0.19
87 80 0.14
87 48 0.02
87 84 0.02
87 24 0.14
87 28 0.17
88 79 0.03
88 82 0.04
88 40 0.11
89 40 0.10
89 44 0.06
89 71 0.03
89 84 0.06
89 43 0.04
89 79 0.10
89 56 0.19
89 51 0.03
89 5 0.18
90 46 0.13
90 49 0.07
90 21 0.01
90 30 0.15
90 79 0.05
91 7 0.09
91 1 0.15
91 93 0.05
91 38 0.07
91 33 0.09
91 60 0.03
91 28 0.20
91 37 0.14
91 88 0.09
91 69 0.01
91 55 0.11
91 73 0.13
91 82 0.16
91 59 0.19
91 12 0.07
92 74 0.04
92 60 0.18
92 87 0.05
92 41 0.07
92 68 0.14
92 40 0.03
92 35 0.06
92 3 0.12
92 2 0.10
92 6 0.10
92 99 0.08
92 94 0.10
92 52 0.07
92 61 0.05
93 52 0.07
93 61 0.09
93 79 0.17
93 19 0.05
93 13 0.17
93 83 0.02
93 49 0.03
93 62 0.11
93 48 0.17
93 16 0.16
93 15 0.05
93 80 0.09
93 75 0.16
94 99 0.10
94 62 0.18
94 43 0.05
94 14 0.15
94 18 0.15
94 4 0.16
94 83 0.16
94 55 0.12
94 63 0.03
94 72 0.14
94 58 0.18
95 36 0.03
95 49 0.10
95 35 0.03
95 25 0.19
95 76 0.07
95 52 0.06
95 18 0.15
96 99 0.09
96 89 0.03
96 98 0.16
96 60 0.12
96 67 0.15
96 17 0.04
97 26 0.06
97 7 0.07
97 16 0.20
97 10 0.08
97 71 0.18
97 89 0.09
97 84 0.01
97 24 0.18
97 91 0.02
98 5 0.01
98 18 0.03
98 4 0.14
98 3 0.05
98 92 0.08
98 64 0.16
98 59 0.10
98 72 0.04
98 43 0.07
98 11 0.08
98 29 0.17
98 10 0.03
98 90 0.08
98 76 0.07
98 85 0.02
98 94 0.12
98 80 0.09
98 57 0.18
98 66 0.17
98 75 0.02
98 84 0.10
99 86 0.12
99 85 0.14
99 48 0.09
99 29 0.20
99 10 0.05
99 28 0.08
99 74 0.20
99 69 0.12
99 82 0.16
99 31 0.05
99 39 0.20
99 2 0.19
