100
0 0.41 0.32
1 0.32 0.1
2 0.47 0.39
3 0.29 0.17
4 0.17 0.02
5 0.18 0.39
6 0.26 0.41
7 0.22 0.26
8 0.35 0.44
9 0.14 0.22
10 0.43 0.39
11 0.31 0.42
12 0.14 0.19
13 0.02 0.04
14 0.4 0.26
15 0.29 0.06
16 0.27 0.32
17 0.42 0.46
18 0.49 0.42
19 0.4 0.46
20 0.26 0.11
21 0.2 0.11
22 0.37 0.41
23 0.36 0.04
24 0.12 0.21
25 0.49 0.44
26 0.27 0.19
27 0.31 0.5
28 0.31 0.43
29 0.21 0.13
30 0.46 0.1
31 0.11 0.15
32 0.26 0.42
33 0.46 0.26
34 0.14 0.49
35 0.24 0.29
36 0.39 0.06
37 0.17 0.05
38 0.08 0.4
39 0.06 0.35
40 0.22 0.19
41 0.32 0.39
42 0.42 0.32
43 0.17 0.45
44 0.02 0.26
45 0.09 0.1
46 0.46 0.26
47 0.33 0.23
48 0.19 0.45
49 0.2 0.04
50 0.45 0.42
51 0.39 0.27
52 0.19 0.25
53 0.17 0.3
54 0.39 0.26
55 0.31 0.07
56 0.48 0.02
57 0.19 0.17
58 0.23 0.12
59 0.16 0.2
60 0.22 0.21
61 0.38 0.28
62 0.04 0.4
63 0.23 0.3
64 0.01 0.28
65 0.41 0.33
66 0.4 0.09
67 0.39 0.33
68 0.26 0.05
69 0.4 0.07
70 0.05 0.32
71 0.09 0.46
72 0.42 0.02
73 0.03 0.23
74 0.45 0.07
75 0.42 0.14
76 0.49 0.48
77 0.08 0.34
78 0.02 0.24
79 0.03 0.33
80 0.09 0.19
81 0.27 0.45
82 0.17 0.11
83 0.05 0.11
84 0.08 0.39
85 0.14 0.19
86 0.32 0.21
87 0.32 0.41
88 0.2 0.47
89 0.32 0.05
90 0.25 0.45
91 0.48 0.36
92 0.38 0.08
93 0.03 0.22
94 0.48 0.2
95 0.47 0.33
96 0.45 0.19
97 0.22 0.14
98 0.36 0.17
99 0.17 0.2
