359
0 65 0.07
0 90 0.17
1 90 0.09
1 9 0.04
1 93 0.19
1 68 0.18
2 77 0.18
2 63 0.20
2 24 0.04
2 74 0.02
3 12 0.04
4 44 0.07
5 63 0.08
5 51 0.04
6 38 0.02
6 25 0.04
6 76 0.12
6 62 0.03
7 38 0.02
7 42 0.20
8 40 0.18
8 77 0.05
8 58 0.04
8 14 0.12
9 73 0.04
9 31 0.13
9 8 0.02
9 7 0.02
10 91 0.05
10 84 0.09
10 37 0.17
11 3 0.02
12 94 0.04
12 39 0.08
12 47 0.01
12 56 0.15
12 45 0.16
13 69 0.05
13 11 0.13
13 25 0.12
13 93 0.05
14 98 0.06
14 93 0.04
14 36 0.17
14 63 0.16
15 39 0.20
15 5 0.11
15 17 0.03
16 21 0.02
16 72 0.09
16 67 0.19
17 53 0.18
17 57 0.17
18 7 0.19
18 29 0.13
18 38 0.10
19 67 0.11
19 48 0.05
19 33 0.04
19 37 0.18
20 75 0.15
20 70 0.18
20 93 0.09
20 97 0.01
20 63 0.12
21 3 0.15
21 86 0.12
21 72 0.15
21 25 0.10
21 29 0.04
21 89 0.15
23 41 0.03
23 45 0.07
23 13 0.08
23 40 0.06
24 27 0.19
24 44 0.02
24 99 0.05
25 47 0.03
25 5 0.20
25 84 0.02
25 37 0.07
25 23 0.13
25 59 0.06
25 40 0.17
25 85 0.06
26 72 0.12
26 53 0.02
26 66 0.02
26 15 0.18
26 24 0.08
26 37 0.10
26 3 0.18
27 93 0.13
27 83 0.02
27 7 0.12
28 42 0.05
28 0 0.17
28 74 0.01
28 41 0.17
28 26 0.18
28 96 0.14
29 49 0.11
29 47 0.18
30 73 0.13
30 3 0.17
30 80 0.18
30 43 0.11
30 14 0.18
31 76 0.05
31 53 0.04
31 38 0.18
31 47 0.19
31 82 0.07
32 59 0.05
32 72 0.18
32 90 0.19
32 89 0.12
32 70 0.06
32 23 0.07
33 5 0.19
33 12 0.19
33 39 0.01
33 66 0.14
34 6 0.14
34 84 0.06
34 93 0.04
34 60 0.02
34 50 0.07
35 77 0.12
35 49 0.18
35 29 0.19
35 24 0.03
36 9 0.10
37 58 0.05
37 19 0.03
37 4 0.13
37 32 0.10
38 18 0.13
38 89 0.16
38 63 0.16
39 75 0.06
39 65 0.12
39 60 0.17
39 83 0.15
39 45 0.19
39 15 0.05
40 31 0.05
40 57 0.02
40 66 0.19
40 42 0.19
40 19 0.04
40 98 0.16
40 88 0.08
41 19 0.04
41 77 0.17
41 63 0.16
41 22 0.05
41 39 0.05
41 86 0.11
41 62 0.02
41 29 0.13
42 95 0.04
42 47 0.14
42 45 0.06
42 40 0.17
43 87 0.09
43 79 0.06
43 8 0.18
44 84 0.18
44 88 0.11
44 83 0.17
45 56 0.18
45 17 0.15
46 98 0.06
46 12 0.13
46 95 0.14
46 67 0.11
46 33 0.18
47 33 0.01
47 37 0.04
47 9 0.04
47 92 0.15
47 40 0.11
47 90 0.05
48 49 0.05
48 58 0.14
48 30 0.12
48 93 0.19
49 97 0.04
49 46 0.15
49 13 0.15
49 71 0.15
50 23 0.06
50 0 0.08
50 35 0.14
51 38 0.03
52 24 0.19
52 56 0.08
53 37 0.12
54 51 0.06
54 76 0.13
55 42 0.05
55 37 0.02
55 46 0.05
55 14 0.12
55 69 0.12
55 68 0.10
55 1 0.11
56 14 0.10
57 79 0.03
57 49 0.05
58 81 0.16
58 76 0.15
58 19 0.08
58 55 0.02
58 6 0.20
59 73 0.15
59 31 0.03
59 60 0.13
60 27 0.06
61 41 0.18
61 77 0.01
62 83 0.11
62 58 0.09
62 71 0.08
62 34 0.02
62 15 0.12
62 9 0.10
63 23 0.09
64 25 0.03
64 67 0.02
64 98 0.14
64 43 0.02
64 56 0.05
64 65 0.17
64 51 0.10
64 50 0.03
64 86 0.10
65 90 0.06
66 89 0.09
66 19 0.18
66 81 0.18
67 77 0.10
67 73 0.16
68 77 0.04
68 53 0.03
68 61 0.08
69 84 0.15
69 79 0.14
69 40 0.12
69 30 0.16
69 7 0.08
69 20 0.15
70 27 0.09
70 1 0.08
70 84 0.19
70 92 0.16
71 69 0.20
71 72 0.10
72 43 0.01
73 91 0.18
73 72 0.15
73 31 0.09
73 89 0.10
73 28 0.19
74 45 0.13
74 72 0.06
74 49 0.14
74 11 0.04
75 16 0.04
75 53 0.08
75 34 0.14
75 20 0.11
75 92 0.16
75 40 0.06
76 48 0.16
76 99 0.14
77 93 0.03
77 70 0.11
77 69 0.02
77 15 0.04
78 15 0.03
78 87 0.02
79 23 0.16
79 18 0.05
79 68 0.01
79 58 0.12
79 11 0.05
79 66 0.12
80 56 0.07
80 50 0.03
80 63 0.03
81 15 0.19
81 38 0.13
81 13 0.10
81 22 0.03
81 97 0.12
82 19 0.19
82 5 0.08
82 79 0.12
82 99 0.16
83 34 0.19
83 74 0.09
83 54 0.15
83 40 0.05
84 21 0.17
84 16 0.15
85 75 0.05
85 33 0.18
85 44 0.09
85 53 0.19
85 25 0.09
86 43 0.12
86 60 0.03
86 83 0.04
86 64 0.17
86 36 0.18
87 41 0.18
87 17 0.19
87 95 0.16
87 52 0.17
88 58 0.11
88 53 0.05
89 66 0.03
89 84 0.18
89 92 0.03
89 69 0.13
89 87 0.04
90 88 0.16
91 82 0.16
91 17 0.15
92 69 0.05
92 72 0.18
93 19 0.02
93 55 0.07
93 91 0.10
93 53 0.10
94 68 0.19
94 26 0.16
95 55 0.14
95 59 0.18
95 67 0.08
95 3 0.19
95 30 0.06
96 0 0.08
96 88 0.09
96 26 0.13
96 34 0.20
97 11 0.11
97 85 0.01
97 50 0.18
98 26 0.11
98 2 0.07
98 70 0.11
98 79 0.19
99 90 0.08
99 76 0.08
99 47 0.17
