0 0.02 0.1
1 0.44 0.47
2 0.03 0.03
3 0.08 0.39
4 0.34 0.3
5 0.15 0.12
6 0.26 0.28
7 0.42 0.1
8 0.34 0.37
9 0.42 0.12
10 0.26 0.03
11 0.39 0.43
12 0.13 0.28
13 0.05 0.45
14 0.3 0.34
15 0.31 0.26
16 0.43 0.03
17 0.44 0.34
18 0.38 0.31
19 0.49 0.47
20 0.35 0.37
21 0.28 0.17
22 0.15 0.48
23 0.14 0.42
24 0.18 0.23
25 0.38 0.14
26 0.28 0.36
27 0.5 0.24
28 0.36 0.49
29 0.48 0.35
30 0.12 0.24
31 0.27 0.46
32 0.21 0.1
33 0.36 0.2
34 0.46 0.16
35 0.43 0.18
36 0.12 0.34
37 0.31 0.02
38 0.29 0.01
39 0.04 0.03
40 0.44 0.23
41 0.33 0.1
42 0.22 0.35
43 0.24 0.42
44 0.13 0.14
45 0.3 0.49
46 0.39 0.29
47 0.06 0.22
48 0.35 0.29
49 0.44 0.02
50 0.34 0.07
51 0.34 0.16
52 0.2 0.46
53 0.19 0.04
54 0.23 0.02
55 0.14 0.03
56 0.15 0.39
57 0.18 0.35
58 0.25 0.11
59 0.4 0.27
60 0.18 0.38
61 0.13 0.27
62 0.46 0.44
63 0.02 0.11
64 0.16 0.47
65 0.35 0.49
66 0.29 0.08
67 0.05 0.32
68 0.46 0.01
69 0.17 0.49
70 0.08 0.08
71 0.32 0.49
72 0.46 0.25
73 0.22 0.46
74 0.35 0.13
75 0.25 0.15
76 0.17 0.3
77 0.02 0.03
78 0.23 0.07
79 0.12 0.19
80 0.38 0.21
81 0.15 0.14
82 0.2 0.14
83 0.18 0.31
84 0.39 0.02
85 0.4 0.46
86 0.19 0.28
87 0.03 0.16
88 0.4 0.11
89 0.24 0.22
90 0.37 0.24
91 0.23 0.15
92 0.05 0.5
93 0.24 0.12
94 0.13 0.47
95 0.25 0.32
96 0.42 0.38
97 0.39 0.02
98 0.3 0.26
99 0.33 0.36
