367
0 56 0.16
0 73 0.10
0 86 0.15
1 87 0.11
1 55 0.18
1 50 0.14
1 40 0.18
2 22 0.09
2 90 0.12
2 52 0.06
2 18 0.06
3 76 0.07
4 20 0.02
4 33 0.09
4 36 0.09
4 35 0.01
5 58 0.14
5 3 0.13
5 33 0.11
5 0 0.02
6 59 0.19
6 2 0.17
7 41 0.14
8 84 0.17
8 65 0.15
9 47 0.17
10 54 0.04
10 63 0.11
10 12 0.19
10 20 0.17
10 15 0.13
10 97 0.09
11 89 0.04
11 35 0.15
11 42 0.05
11 19 0.10
12 71 0.05
12 55 0.02
12 16 0.07
13 51 0.04
13 87 0.12
13 41 0.08
13 45 0.15
13 22 0.02
13 15 0.02
16 23 0.06
17 93 0.12
17 88 0.05
18 89 0.15
18 57 0.03
18 34 0.02
18 52 0.16
18 1 0.06
18 50 0.20
19 79 0.08
19 74 0.18
19 59 0.08
19 11 0.12
19 95 0.13
20 51 0.02
20 93 0.08
21 67 0.02
21 42 0.06
21 60 0.17
22 10 0.14
22 59 0.09
22 36 0.04
23 0 0.08
23 26 0.04
23 3 0.12
23 30 0.03
24 49 0.04
24 91 0.16
24 66 0.20
25 10 0.03
25 94 0.01
25 97 0.17
25 41 0.19
25 36 0.04
25 96 0.03
26 67 0.20
26 62 0.11
26 18 0.07
26 82 0.12
26 22 0.09
27 92 0.04
27 30 0.17
27 6 0.18
27 48 0.03
27 43 0.12
27 42 0.07
27 18 0.09
28 53 0.12
28 65 0.14
28 83 0.18
29 27 0.02
29 99 0.05
29 53 0.01
29 62 0.19
29 89 0.18
29 57 0.12
29 93 0.18
30 93 0.09
30 55 0.09
30 68 0.11
30 81 0.11
30 75 0.17
30 29 0.07
30 33 0.09
30 23 0.04
31 71 0.10
31 57 0.11
31 42 0.04
31 51 0.06
31 36 0.09
32 62 0.04
32 89 0.07
32 34 0.11
32 79 0.08
33 4 0.13
33 88 0.15
33 58 0.18
34 99 0.10
34 53 0.03
34 48 0.04
34 0 0.04
35 43 0.13
35 10 0.05
36 24 0.05
36 81 0.14
36 67 0.12
37 72 0.20
37 75 0.11
38 73 0.14
38 82 0.18
38 68 0.07
38 63 0.06
38 81 0.08
38 66 0.05
39 71 0.12
39 8 0.15
39 69 0.12
39 35 0.17
40 44 0.08
40 34 0.20
40 56 0.11
41 51 0.02
41 92 0.17
41 8 0.17
41 61 0.12
42 63 0.07
42 71 0.12
42 75 0.02
43 72 0.08
43 53 0.02
43 7 0.10
43 66 0.04
43 79 0.17
44 97 0.12
44 40 0.17
44 16 0.16
45 95 0.10
45 76 0.19
45 47 0.03
45 19 0.19
45 69 0.10
46 38 0.10
46 56 0.17
46 37 0.02
47 56 0.05
47 9 0.15
47 82 0.03
48 90 0.11
48 89 0.13
48 98 0.17
48 96 0.13
49 64 0.18
49 99 0.15
49 10 0.14
50 72 0.13
50 38 0.10
50 97 0.19
50 60 0.11
50 27 0.13
51 17 0.19
51 21 0.14
51 90 0.08
51 55 0.02
51 13 0.10
51 83 0.06
52 71 0.14
52 48 0.14
52 29 0.15
53 60 0.01
53 59 0.17
53 54 0.07
53 17 0.15
54 33 0.19
54 84 0.11
55 59 0.05
56 32 0.06
56 93 0.03
56 59 0.19
57 30 0.04
57 66 0.08
57 70 0.08
57 15 0.09
57 10 0.09
58 61 0.11
58 47 0.03
59 32 0.12
59 71 0.16
59 51 0.06
60 58 0.10
60 85 0.16
60 62 0.15
61 46 0.07
62 83 0.09
62 49 0.17
62 24 0.04
63 97 0.11
63 41 0.01
63 8 0.20
63 67 0.06
64 80 0.08
64 41 0.10
64 9 0.08
64 18 0.01
64 40 0.17
65 23 0.16
65 4 0.09
66 56 0.16
66 24 0.11
66 9 0.03
66 50 0.15
67 77 0.08
67 75 0.05
67 13 0.13
67 74 0.10
68 8 0.18
68 19 0.19
68 23 0.17
69 71 0.15
69 29 0.02
69 0 0.11
69 50 0.09
69 86 0.11
69 63 0.13
69 72 0.19
70 12 0.18
70 78 0.20
70 87 0.09
71 51 0.02
71 28 0.11
71 14 0.16
71 88 0.11
71 8 0.17
71 2 0.07
72 43 0.16
73 85 0.06
73 32 0.06
74 43 0.08
74 54 0.12
74 81 0.15
75 35 0.17
75 61 0.03
76 11 0.13
77 32 0.17
77 82 0.08
77 25 0.10
78 77 0.10
78 58 0.06
78 25 0.03
78 81 0.16
78 43 0.13
78 24 0.11
78 9 0.15
78 13 0.20
79 19 0.15
79 46 0.15
79 32 0.19
79 40 0.02
79 16 0.11
80 43 0.10
80 29 0.01
81 64 0.03
81 50 0.16
81 72 0.09
82 18 0.08
82 98 0.12
82 63 0.09
82 21 0.15
82 95 0.02
82 75 0.14
83 2 0.15
83 1 0.16
83 23 0.12
83 49 0.07
84 87 0.17
84 82 0.09
84 12 0.13
84 33 0.04
85 88 0.14
85 54 0.07
85 1 0.13
86 11 0.02
86 89 0.09
86 74 0.18
86 33 0.09
86 13 0.15
86 22 0.09
86 8 0.14
86 82 0.15
86 91 0.09
87 97 0.11
87 55 0.08
87 41 0.15
87 44 0.10
87 39 0.05
87 6 0.12
88 81 0.11
88 66 0.19
88 78 0.18
88 59 0.09
88 72 0.07
88 58 0.08
88 6 0.14
89 77 0.10
89 44 0.06
89 60 0.02
89 9 0.14
90 10 0.11
90 17 0.18
90 21 0.18
90 80 0.07
90 48 0.09
90 70 0.20
91 25 0.19
91 65 0.17
91 50 0.03
92 50 0.07
92 94 0.08
92 52 0.17
92 38 0.08
92 19 0.01
92 23 0.18
93 70 0.12
93 23 0.05
93 36 0.17
93 54 0.17
93 1 0.05
94 48 0.08
94 75 0.08
94 13 0.19
95 63 0.09
95 40 0.03
95 17 0.05
95 1 0.09
96 87 0.08
96 86 0.05
96 21 0.16
97 44 0.01
97 89 0.14
98 41 0.05
98 76 0.04
98 28 0.06
99 3 0.13
