1000
0 0.41 0.11
1 0.3 0.39
2 0.21 0.31
3 0.5 0.41
4 0.07 0.36
5 0.09 0.07
6 0.29 0.04
7 0.45 0.02
8 0.31 0.17
9 0.25 0.07
10 0.29 0.33
11 0.29 0.44
12 0.43 0.22
13 0.43 0.27
14 0.05 0.32
15 0.39 0.41
16 0.5 0.48
17 0.07 0.05
18 0.27 0.45
19 0.22 0.22
20 0.03 0.49
21 0.1 0.09
22 0.04 0.15
23 0.17 0.08
24 0.08 0.32
25 0.16 0.22
26 0.41 0.43
27 0.01 0.01
28 0.42 0.26
29 0.29 0.48
30 0.07 0.05
31 0.01 0.28
32 0.24 0.29
33 0.28 0.47
34 0.38 0.26
35 0.43 0.43
36 0.37 0.1
37 0.18 0.44
38 0.07 0.45
39 0.49 0.48
40 0.43 0.17
41 0.07 0.31
42 0.42 0.33
43 0.1 0.18
44 0.35 0.18
45 0.11 0.16
46 0.42 0.45
47 0.2 0.29
48 0.43 0.34
49 0.05 0.22
50 0.29 0.35
51 0.25 0.12
52 0.07 0.38
53 0.14 0.05
54 0.24 0.21
55 0.48 0.43
56 0.32 0.01
57 0.32 0.32
58 0.34 0.14
59 0.42 0.08
60 0.2 0.4
61 0.38 0.13
62 0.28 0.19
63 0.38 0.08
64 0.44 0.13
65 0.32 0.1
66 0.02 0.13
67 0.27 0.47
68 0.48 0.02
69 0.13 0.15
70 0.45 0.14
71 0.26 0.01
72 0.27 0.19
73 0.48 0.29
74 0.3 0.39
75 0.14 0.06
76 0.18 0.45
77 0.1 0.03
78 0.25 0.43
79 0.39 0.05
80 0.38 0.38
81 0.16 0.06
82 0.28 0.28
83 0.18 0.04
84 0.08 0.39
85 0.21 0.26
86 0.48 0.13
87 0.27 0.31
88 0.35 0.4
89 0.04 0.46
90 0.07 0.41
91 0.02 0.31
92 0.14 0.38
93 0.48 0.28
94 0.27 0.33
95 0.47 0.25
96 0.33 0.04
97 0.38 0.11
98 0.37 0.07
99 0.05 0.32
100 0.29 0.37
101 0.13 0.47
102 0.05 0.45
103 0.03 0.38
104 0.34 0.34
105 0.43 0.12
106 0.34 0.46
107 0.13 0.39
108 0.48 0.01
109 0.42 0.31
110 0.2 0.28
111 0.03 0.2
112 0.31 0.31
113 0.43 0.28
114 0.32 0.25
115 0.29 0.03
116 0.28 0.03
117 0.26 0.41
118 0.45 0.39
119 0.5 0.19
120 0.1 0.08
121 0.4 0.5
122 0.5 0.07
123 0.14 0.27
124 0.15 0.49
125 0.42 0.11
126 0.3 0.33
127 0.46 0.16
128 0.11 0.32
129 0.29 0.21
130 0.36 0.28
131 0.36 0.08
132 0.12 0.47
133 0.43 0.21
134 0.03 0.15
135 0.1 0.34
136 0.15 0.15
137 0.19 0.02
138 0.3 0.16
139 0.36 0.16
140 0.29 0.4
141 0.14 0.05
142 0.06 0.47
143 0.35 0.48
144 0.06 0.33
145 0.32 0.45
146 0.06 0.49
147 0.21 0.08
148 0.41 0.17
149 0.19 0.35
150 0.25 0.46
151 0.47 0.14
152 0.28 0.12
153 0.1 0.18
154 0.39 0.23
155 0.25 0.39
156 0.46 0.2
157 0.04 0.29
158 0.49 0.4
159 0.25 0.19
160 0.49 0.39
161 0.18 0.47
162 0.21 0.42
163 0.48 0.47
164 0.36 0.19
165 0.42 0.06
166 0.46 0.08
167 0.24 0.38
168 0.44 0.18
169 0.33 0.4
170 0.38 0.36
171 0.37 0.18
172 0.45 0.35
173 0.14 0.45
174 0.45 0.13
175 0.1 0.27
176 0.37 0.31
177 0.38 0.23
178 0.21 0.15
179 0.28 0.15
180 0.02 0.43
181 0.21 0.22
182 0.33 0.39
183 0.1 0.46
184 0.41 0.15
185 0.44 0.5
186 0.45 0.16
187 0.49 0.23
188 0.35 0.09
189 0.29 0.42
190 0.45 0.5
191 0.49 0.04
192 0.45 0.38
193 0.4 0.09
194 0.18 0.15
195 0.11 0.21
196 0.05 0.23
197 0.08 0.13
198 0.25 0.11
199 0.16 0.36
200 0.38 0.02
201 0.15 0.24
202 0.14 0.27
203 0.36 0.31
204 0.4 0.03
205 0.08 0.28
206 0.3 0.29
207 0.31 0.06
208 0.21 0.3
209 0.1 0.05
210 0.49 0.41
211 0.39 0.24
212 0.26 0.18
213 0.12 0.11
214 0.38 0.1
215 0.23 0.37
216 0.32 0.39
217 0.15 0.37
218 0.4 0.33
219 0.06 0.05
220 0.29 0.39
221 0.19 0.26
222 0.45 0.13
223 0.06 0.24
224 0.24 0.22
225 0.17 0.21
226 0.05 0.23
227 0.01 0.28
228 0.24 0.4
229 0.35 0.09
230 0.32 0.25
231 0.48 0.08
232 0.25 0.16
233 0.33 0.5
234 0.34 0.41
235 0.28 0.12
236 0.23 0.18
237 0.08 0.31
238 0.19 0.18
239 0.26 0.31
240 0.01 0.02
241 0.17 0.12
242 0.29 0.25
243 0.32 0.22
244 0.02 0.38
245 0.32 0.26
246 0.21 0.48
247 0.49 0.18
248 0.29 0.05
249 0.42 0.39
250 0.35 0.24
251 0.27 0.34
252 0.22 0.4
253 0.5 0.32
254 0.19 0.04
255 0.07 0.47
256 0.46 0.1
257 0.2 0.26
258 0.31 0.08
259 0.32 0.03
260 0.2 0.02
261 0.26 0.49
262 0.41 0.06
263 0.19 0.08
264 0.33 0.42
265 0.13 0.25
266 0.17 0.05
267 0.29 0.16
268 0.18 0.1
269 0.07 0.11
270 0.12 0.04
271 0.42 0.19
272 0.3 0.22
273 0.17 0.45
274 0.46 0.33
275 0.27 0.29
276 0.37 0.09
277 0.38 0.33
278 0.43 0.38
279 0.24 0.07
280 0.3 0.32
281 0.38 0.34
282 0.19 0.43
283 0.45 0.07
284 0.44 0.48
285 0.2 0.12
286 0.38 0.21
287 0.04 0.09
288 0.29 0.22
289 0.25 0.32
290 0.48 0.26
291 0.3 0.31
292 0.4 0.29
293 0.31 0.35
294 0.19 0.26
295 0.25 0.02
296 0.18 0.08
297 0.45 0.3
298 0.44 0.27
299 0.14 0.32
300 0.12 0.21
301 0.22 0.31
302 0.09 0.47
303 0.2 0.12
304 0.43 0.47
305 0.31 0.32
306 0.33 0.11
307 0.41 0.45
308 0.2 0.27
309 0.35 0.38
310 0.28 0.34
311 0.41 0.1
312 0.46 0.17
313 0.15 0.43
314 0.16 0.17
315 0.36 0.08
316 0.32 0.17
317 0.48 0.31
318 0.45 0.13
319 0.28 0.14
320 0.41 0.02
321 0.45 0.17
322 0.34 0.22
323 0.07 0.36
324 0.29 0.27
325 0.05 0.43
326 0.07 0.14
327 0.33 0.37
328 0.29 0.09
329 0.35 0.34
330 0.19 0.05
331 0.11 0.49
332 0.2 0.07
333 0.19 0.36
334 0.32 0.39
335 0.47 0.45
336 0.34 0.09
337 0.11 0.09
338 0.03 0.13
339 0.46 0.07
340 0.49 0.29
341 0.27 0.46
342 0.35 0.03
343 0.43 0.24
344 0.13 0.43
345 0.04 0.17
346 0.35 0.49
347 0.07 0.08
348 0.1 0.15
349 0.05 0.12
350 0.2 0.11
351 0.48 0.47
352 0.23 0.16
353 0.31 0.38
354 0.17 0.11
355 0.18 0.13
356 0.16 0.17
357 0.21 0.12
358 0.11 0.14
359 0.12 0.15
360 0.17 0.47
361 0.14 0.11
362 0.14 0.29
363 0.36 0.31
364 0.1 0.32
365 0.16 0.41
366 0.45 0.11
367 0.2 0.42
368 0.25 0.34
369 0.05 0.14
370 0.08 0.33
371 0.49 0.02
372 0.29 0.18
373 0.37 0.39
374 0.21 0.09
375 0.2 0.18
376 0.07 0.02
377 0.43 0.3
378 0.38 0.24
379 0.44 0.36
380 0.18 0.42
381 0.28 0.01
382 0.05 0.47
383 0.22 0.13
384 0.47 0.32
385 0.21 0.48
386 0.47 0.41
387 0.41 0.18
388 0.03 0.4
389 0.07 0.26
390 0.17 0.48
391 0.49 0.49
392 0.43 0.01
393 0.31 0.32
394 0.38 0.32
395 0.11 0.04
396 0.38 0.15
397 0.22 0.19
398 0.44 0.49
399 0.45 0.02
400 0.07 0.48
401 0.08 0.28
402 0.24 0.2
403 0.19 0.13
404 0.28 0.26
405 0.41 0.27
406 0.38 0.17
407 0.31 0.25
408 0.13 0.31
409 0.04 0.3
410 0.35 0.4
411 0.18 0.36
412 0.4 0.16
413 0.22 0.49
414 0.48 0.35
415 0.25 0.15
416 0.23 0.26
417 0.42 0.12
418 0.3 0.07
419 0.3 0.35
420 0.37 0.18
421 0.41 0.16
422 0.48 0.29
423 0.04 0.25
424 0.47 0.25
425 0.3 0.25
426 0.49 0.18
427 0.23 0.43
428 0.26 0.34
429 0.07 0.28
430 0.36 0.24
431 0.17 0.21
432 0.36 0.2
433 0.08 0.05
434 0.08 0.42
435 0.19 0.31
436 0.45 0.23
437 0.05 0.15
438 0.09 0.31
439 0.47 0.15
440 0.27 0.12
441 0.01 0.17
442 0.32 0.27
443 0.04 0.09
444 0.2 0.03
445 0.46 0.09
446 0.33 0.22
447 0.05 0.22
448 0.33 0.18
449 0.41 0.14
450 0.36 0.45
451 0.32 0.21
452 0.04 0.43
453 0.02 0.18
454 0.16 0.42
455 0.3 0.48
456 0.46 0.08
457 0.24 0.42
458 0.34 0.18
459 0.42 0.17
460 0.18 0.48
461 0.06 0.16
462 0.44 0.5
463 0.3 0.32
464 0.19 0.2
465 0.37 0.1
466 0.47 0.24
467 0.11 0.5
468 0.06 0.22
469 0.21 0.3
470 0.12 0.31
471 0.24 0.06
472 0.33 0.5
473 0.13 0.32
474 0.15 0.39
475 0.39 0.25
476 0.2 0.36
477 0.43 0.18
478 0.12 0.03
479 0.42 0.47
480 0.37 0.48
481 0.32 0.4
482 0.38 0.27
483 0.46 0.29
484 0.16 0.02
485 0.34 0.19
486 0.42 0.07
487 0.05 0.16
488 0.34 0.19
489 0.42 0.37
490 0.37 0.03
491 0.43 0.32
492 0.4 0.45
493 0.11 0.41
494 0.45 0.03
495 0.32 0.08
496 0.4 0.33
497 0.1 0.19
498 0.01 0.18
499 0.25 0.04
500 0.11 0.09
501 0.12 0.13
502 0.46 0.46
503 0.49 0.09
504 0.39 0.43
505 0.08 0.27
506 0.43 0.36
507 0.34 0.37
508 0.16 0.24
509 0.1 0.36
510 0.39 0.38
511 0.41 0.23
512 0.24 0.2
513 0.21 0.11
514 0.17 0.06
515 0.26 0.37
516 0.21 0.38
517 0.23 0.1
518 0.44 0.28
519 0.14 0.18
520 0.17 0.2
521 0.43 0.49
522 0.31 0.26
523 0.14 0.23
524 0.27 0.14
525 0.09 0.15
526 0.47 0.35
527 0.5 0.21
528 0.18 0.34
529 0.4 0.11
530 0.16 0.18
531 0.06 0.05
532 0.06 0.41
533 0.49 0.35
534 0.24 0.16
535 0.17 0.28
536 0.42 0.02
537 0.49 0.36
538 0.13 0.21
539 0.17 0.22
540 0.49 0.25
541 0.12 0.13
542 0.14 0.05
543 0.31 0.18
544 0.18 0.4
545 0.39 0.23
546 0.44 0.25
547 0.47 0.09
548 0.15 0.17
549 0.21 0.16
550 0.38 0.33
551 0.49 0.13
552 0.3 0.07
553 0.03 0.4
554 0.13 0.2
555 0.22 0.15
556 0.08 0.03
557 0.28 0.21
558 0.49 0.28
559 0.32 0.13
560 0.37 0.45
561 0.38 0.19
562 0.06 0.36
563 0.14 0.32
564 0.18 0.04
565 0.47 0.36
566 0.29 0.28
567 0.11 0.12
568 0.41 0.21
569 0.41 0.42
570 0.23 0.04
571 0.16 0.21
572 0.06 0.21
573 0.28 0.25
574 0.29 0.3
575 0.2 0.14
576 0.15 0.37
577 0.42 0.06
578 0.35 0.19
579 0.42 0.01
580 0.15 0.04
581 0.1 0.3
582 0.19 0.03
583 0.12 0.32
584 0.45 0.02
585 0.17 0.2
586 0.46 0.31
587 0.25 0.36
588 0.29 0.42
589 0.11 0.31
590 0.14 0.42
591 0.1 0.21
592 0.1 0.04
593 0.4 0.35
594 0.3 0.03
595 0.08 0.33
596 0.44 0.12
597 0.13 0.31
598 0.32 0.48
599 0.13 0.25
600 0.4 0.38
601 0.39 0.26
602 0.04 0.38
603 0.1 0.29
604 0.49 0.23
605 0.26 0.01
606 0.33 0.29
607 0.34 0.27
608 0.44 0.11
609 0.09 0.3
610 0.36 0.3
611 0.23 0.29
612 0.13 0.04
613 0.24 0.37
614 0.21 0.19
615 0.04 0.24
616 0.31 0.37
617 0.35 0.31
618 0.3 0.31
619 0.48 0.24
620 0.33 0.2
621 0.04 0.43
622 0.4 0.34
623 0.3 0.12
624 0.48 0.15
625 0.15 0.31
626 0.45 0.33
627 0.25 0.34
628 0.09 0.4
629 0.13 0.25
630 0.24 0.27
631 0.07 0.16
632 0.21 0.45
633 0.38 0.47
634 0.09 0.4
635 0.37 0.31
636 0.1 0.28
637 0.1 0.3
638 0.47 0.4
639 0.12 0.23
640 0.05 0.25
641 0.4 0.27
642 0.26 0.2
643 0.45 0.06
644 0.32 0.36
645 0.42 0.14
646 0.2 0.23
647 0.37 0.3
648 0.34 0.06
649 0.17 0.31
650 0.19 0.46
651 0.34 0.14
652 0.2 0.27
653 0.44 0.18
654 0.21 0.16
655 0.2 0.38
656 0.31 0.24
657 0.34 0.01
658 0.44 0.13
659 0.12 0.34
660 0.1 0.36
661 0.13 0.2
662 0.13 0.03
663 0.44 0.23
664 0.09 0.35
665 0.5 0.17
666 0.36 0.45
667 0.1 0.12
668 0.28 0.48
669 0.1 0.17
670 0.36 0.3
671 0.14 0.23
672 0.28 0.06
673 0.18 0.35
674 0.02 0.19
675 0.09 0.48
676 0.44 0.32
677 0.48 0.46
678 0.27 0.17
679 0.48 0.04
680 0.5 0.02
681 0.01 0.11
682 0.08 0.04
683 0.24 0.35
684 0.06 0.07
685 0.05 0.07
686 0.03 0.31
687 0.24 0.15
688 0.49 0.14
689 0.47 0.17
690 0.27 0.26
691 0.21 0.04
692 0.05 0.24
693 0.15 0.11
694 0.19 0.3
695 0.48 0.15
696 0.18 0.23
697 0.47 0.26
698 0.43 0.23
699 0.04 0.06
700 0.21 0.39
701 0.17 0.14
702 0.43 0.24
703 0.25 0.04
704 0.1 0.36
705 0.25 0.13
706 0.02 0.07
707 0.24 0.31
708 0.43 0.3
709 0.04 0.32
710 0.36 0.2
711 0.04 0.49
712 0.45 0.08
713 0.29 0.36
714 0.3 0.19
715 0.09 0.4
716 0.04 0.1
717 0.29 0.09
718 0.07 0.05
719 0.16 0.45
720 0.35 0.4
721 0.06 0.33
722 0.13 0.19
723 0.28 0.29
724 0.03 0.41
725 0.01 0.1
726 0.08 0.27
727 0.3 0.49
728 0.12 0.15
729 0.26 0.31
730 0.45 0.09
731 0.39 0.17
732 0.37 0.14
733 0.41 0.12
734 0.49 0.16
735 0.25 0.36
736 0.44 0.41
737 0.2 0.23
738 0.11 0.25
739 0.33 0.3
740 0.49 0.06
741 0.1 0.33
742 0.3 0.31
743 0.38 0.26
744 0.21 0.34
745 0.24 0.46
746 0.32 0.19
747 0.38 0.3
748 0.37 0.29
749 0.25 0.29
750 0.39 0.38
751 0.4 0.47
752 0.32 0.19
753 0.33 0.19
754 0.43 0.01
755 0.43 0.05
756 0.24 0.47
757 0.07 0.44
758 0.35 0.35
759 0.18 0.22
760 0.09 0.47
761 0.34 0.01
762 0.3 0.11
763 0.23 0.39
764 0.41 0.46
765 0.24 0.05
766 0.22 0.25
767 0.4 0.3
768 0.12 0.42
769 0.19 0.45
770 0.43 0.4
771 0.22 0.19
772 0.17 0.21
773 0.49 0.3
774 0.42 0.21
775 0.38 0.35
776 0.42 0.13
777 0.38 0.3
778 0.11 0.17
779 0.3 0.17
780 0.03 0.37
781 0.41 0.18
782 0.43 0.19
783 0.42 0.42
784 0.33 0.33
785 0.29 0.11
786 0.48 0.39
787 0.2 0.08
788 0.17 0.16
789 0.27 0.19
790 0.16 0.22
791 0.27 0.11
792 0.13 0.23
793 0.28 0.28
794 0.14 0.18
795 0.19 0.2
796 0.1 0.03
797 0.31 0.4
798 0.35 0.37
799 0.03 0.47
800 0.16 0.03
801 0.36 0.27
802 0.29 0.24
803 0.28 0.05
804 0.3 0.36
805 0.05 0.4
806 0.14 0.07
807 0.43 0.35
808 0.09 0.47
809 0.36 0.33
810 0.03 0.08
811 0.15 0.36
812 0.41 0.34
813 0.2 0.22
814 0.43 0.25
815 0.04 0.34
816 0.33 0.2
817 0.1 0.33
818 0.22 0.37
819 0.28 0.1
820 0.05 0.39
821 0.47 0.15
822 0.37 0.29
823 0.21 0.3
824 0.15 0.38
825 0.26 0.37
826 0.13 0.09
827 0.29 0.31
828 0.31 0.36
829 0.26 0.08
830 0.36 0.14
831 0.14 0.44
832 0.43 0.37
833 0.17 0.48
834 0.09 0.07
835 0.37 0.26
836 0.48 0.2
837 0.39 0.25
838 0.19 0.42
839 0.46 0.23
840 0.47 0.35
841 0.03 0.25
842 0.37 0.03
843 0.34 0.14
844 0.18 0.29
845 0.19 0.28
846 0.08 0.35
847 0.24 0.18
848 0.06 0.31
849 0.1 0.45
850 0.19 0.1
851 0.36 0.27
852 0.21 0.24
853 0.16 0.31
854 0.29 0.37
855 0.23 0.37
856 0.04 0.28
857 0.29 0.19
858 0.05 0.05
859 0.43 0.21
860 0.45 0.02
861 0.12 0.02
862 0.18 0.1
863 0.39 0.42
864 0.12 0.38
865 0.33 0.06
866 0.46 0.07
867 0.05 0.32
868 0.3 0.44
869 0.11 0.3
870 0.44 0.22
871 0.17 0.31
872 0.18 0.07
873 0.3 0.36
874 0.26 0.45
875 0.01 0.02
876 0.1 0.06
877 0.24 0.47
878 0.31 0.1
879 0.46 0.41
880 0.22 0.44
881 0.17 0.38
882 0.15 0.4
883 0.24 0.21
884 0.39 0.41
885 0.36 0.31
886 0.1 0.21
887 0.13 0.12
888 0.23 0.49
889 0.45 0.07
890 0.4 0.24
891 0.41 0.06
892 0.1 0.4
893 0.02 0.2
894 0.02 0.48
895 0.33 0.24
896 0.34 0.43
897 0.3 0.43
898 0.24 0.19
899 0.18 0.18
900 0.07 0.16
901 0.34 0.34
902 0.4 0.14
903 0.19 0.47
904 0.3 0.47
905 0.19 0.35
906 0.24 0.46
907 0.2 0.27
908 0.07 0.19
909 0.3 0.02
910 0.16 0.49
911 0.35 0.24
912 0.39 0.1
913 0.49 0.12
914 0.49 0.19
915 0.45 0.3
916 0.09 0.42
917 0.25 0.43
918 0.17 0.37
919 0.5 0.3
920 0.49 0.11
921 0.15 0.31
922 0.05 0.12
923 0.44 0.34
924 0.21 0.34
925 0.3 0.13
926 0.08 0.16
927 0.12 0.34
928 0.14 0.21
929 0.42 0.19
930 0.1 0.26
931 0.23 0.23
932 0.27 0.08
933 0.3 0.33
934 0.32 0.1
935 0.34 0.36
936 0.49 0.26
937 0.15 0.28
938 0.33 0.28
939 0.04 0.03
940 0.34 0.32
941 0.4 0.23
942 0.21 0.42
943 0.24 0.39
944 0.35 0.25
945 0.01 0.2
946 0.08 0.05
947 0.36 0.38
948 0.22 0.29
949 0.15 0.17
950 0.18 0.32
951 0.05 0.45
952 0.07 0.35
953 0.22 0.27
954 0.1 0.04
955 0.18 0.46
956 0.19 0.46
957 0.15 0.08
958 0.47 0.44
959 0.12 0.37
960 0.28 0.26
961 0.08 0.48
962 0.34 0.1
963 0.14 0.14
964 0.43 0.22
965 0.49 0.35
966 0.46 0.48
967 0.49 0.33
968 0.4 0.41
969 0.2 0.13
970 0.28 0.47
971 0.08 0.12
972 0.34 0.23
973 0.1 0.05
974 0.04 0.42
975 0.16 0.16
976 0.35 0.26
977 0.24 0.21
978 0.04 0.33
979 0.19 0.39
980 0.33 0.04
981 0.01 0.49
982 0.36 0.07
983 0.26 0.09
984 0.21 0.11
985 0.42 0.42
986 0.32 0.32
987 0.2 0.24
988 0.27 0.41
989 0.03 0.47
990 0.49 0.38
991 0.34 0.42
992 0.1 0.46
993 0.15 0.44
994 0.11 0.43
995 0.43 0.21
996 0.42 0.09
997 0.28 0.4
998 0.12 0.29
999 0.03 0.07
