962
0 69 0.04
0 41 0.17
0 13 0.09
0 31 0.11
0 26 0.12
0 35 0.04
0 16 0.02
0 90 0.10
0 71 0.16
0 20 0.18
0 6 0.11
1 81 0.06
1 48 0.18
1 29 0.06
1 15 0.11
1 19 0.05
1 28 0.08
1 14 0.16
1 92 0.14
1 50 0.15
1 22 0.03
1 3 0.11
1 21 0.20
1 11 0.12
2 90 0.04
2 29 0.02
2 15 0.09
2 1 0.20
2 89 0.04
3 6 0.17
3 14 0.01
3 4 0.02
3 83 0.08
3 51 0.09
3 82 0.12
3 17 0.14
3 91 0.12
3 71 0.06
3 52 0.11
4 81 0.10
4 43 0.14
4 84 0.12
4 69 0.06
4 78 0.13
4 23 0.13
4 18 0.02
4 36 0.14
4 22 0.06
4 21 0.19
5 82 0.01
5 50 0.10
5 45 0.13
5 40 0.05
5 2 0.06
5 91 0.16
5 90 0.10
5 67 0.18
5 85 0.20
5 52 0.13
5 98 0.05
6 48 0.07
6 61 0.14
6 70 0.06
6 42 0.11
6 50 0.19
6 54 0.08
6 58 0.11
6 3 0.10
6 1 0.16
7 94 0.18
7 80 0.19
7 61 0.11
7 20 0.07
7 24 0.16
7 1 0.06
7 23 0.01
7 98 0.11
7 97 0.20
7 50 0.07
7 18 0.02
7 36 0.01
7 13 0.09
8 84 0.12
8 93 0.04
8 79 0.12
8 46 0.15
8 41 0.19
8 3 0.17
8 77 0.11
8 81 0.08
9 80 0.20
9 74 0.09
9 69 0.17
9 78 0.11
9 55 0.08
9 59 0.08
9 13 0.08
9 22 0.02
9 96 0.09
10 40 0.15
10 6 0.14
10 95 0.13
10 81 0.04
10 62 0.20
10 75 0.12
10 61 0.18
10 51 0.10
10 19 0.13
10 13 0.08
10 65 0.13
10 83 0.03
10 73 0.15
10 50 0.13
11 79 0.05
11 65 0.07
11 87 0.08
11 32 0.03
11 31 0.17
11 35 0.03
11 12 0.01
11 16 0.06
11 85 0.16
11 75 0.14
11 61 0.18
12 48 0.06
12 15 0.04
12 78 0.07
13 60 0.02
13 46 0.15
13 82 0.11
13 32 0.18
13 63 0.04
13 17 0.12
13 30 0.02
13 58 0.09
13 57 0.18
13 38 0.04
13 24 0.05
13 4 0.13
13 93 0.11
14 10 0.04
14 32 0.05
14 87 0.07
14 13 0.10
14 49 0.19
14 66 0.18
14 56 0.12
15 30 0.14
15 16 0.10
15 25 0.14
15 86 0.16
15 95 0.15
15 57 0.09
15 20 0.18
15 42 0.09
15 1 0.06
15 37 0.07
15 9 0.16
15 18 0.03
15 4 0.07
15 64 0.09
15 27 0.04
15 40 0.14
15 35 0.14
16 93 0.15
16 73 0.12
16 50 0.18
16 34 0.13
16 11 0.10
16 38 0.06
16 19 0.11
16 4 0.11
16 98 0.08
17 58 0.03
17 62 0.15
17 39 0.11
17 42 0.13
17 19 0.19
17 70 0.19
17 87 0.07
17 59 0.04
17 40 0.10
17 81 0.07
18 12 0.08
18 77 0.18
18 81 0.19
18 34 0.13
18 47 0.09
18 1 0.03
18 59 0.10
18 68 0.07
19 79 0.15
19 92 0.07
19 55 0.04
19 41 0.13
19 8 0.15
19 3 0.13
19 7 0.04
19 6 0.17
19 77 0.04
19 86 0.19
19 72 0.19
19 56 0.06
20 81 0.10
20 90 0.20
20 67 0.09
20 89 0.20
20 56 0.08
20 15 0.04
20 23 0.09
20 4 0.15
20 13 0.09
20 96 0.09
20 27 0.02
20 63 0.19
20 25 0.06
21 63 0.13
21 67 0.13
21 71 0.04
21 66 0.02
21 56 0.19
22 28 0.20
22 46 0.14
22 93 0.19
22 69 0.08
22 41 0.01
22 50 0.05
22 54 0.17
22 31 0.08
22 35 0.17
23 67 0.07
23 34 0.10
23 37 0.05
23 88 0.08
23 78 0.01
23 54 0.18
23 40 0.17
23 44 0.11
24 78 0.06
24 87 0.10
24 55 0.16
24 64 0.17
24 8 0.09
24 16 0.05
24 99 0.07
24 89 0.17
24 57 0.18
24 61 0.07
24 47 0.19
24 5 0.02
24 14 0.04
24 98 0.18
25 33 0.06
25 75 0.20
25 51 0.08
25 45 0.14
25 4 0.04
25 85 0.08
25 30 0.09
26 53 0.03
26 75 0.17
26 18 0.06
26 13 0.02
26 98 0.17
26 79 0.11
26 83 0.03
26 91 0.15
26 27 0.11
26 36 0.16
26 49 0.12
27 79 0.15
27 41 0.15
27 22 0.13
27 40 0.11
27 53 0.19
27 99 0.05
27 66 0.11
27 24 0.11
27 10 0.12
27 23 0.05
27 9 0.13
28 80 0.05
28 25 0.16
28 24 0.07
28 10 0.19
28 36 0.06
28 22 0.16
28 31 0.02
28 35 0.02
29 16 0.15
29 48 0.02
29 1 0.02
29 60 0.10
29 78 0.07
29 82 0.09
30 98 0.11
30 84 0.16
30 65 0.15
30 92 0.04
30 87 0.10
30 73 0.02
30 63 0.18
30 7 0.03
30 20 0.07
30 15 0.20
30 23 0.02
31 80 0.04
31 66 0.17
31 34 0.04
31 43 0.04
31 33 0.20
31 19 0.16
31 13 0.01
31 69 0.01
31 59 0.10
31 49 0.19
31 12 0.15
31 91 0.16
32 2 0.09
32 67 0.10
32 9 0.17
33 79 0.16
33 50 0.12
33 45 0.07
33 35 0.08
33 30 0.07
33 90 0.02
33 48 0.02
33 75 0.16
34 72 0.17
34 67 0.15
34 48 0.15
34 57 0.16
34 52 0.04
34 37 0.10
34 69 0.05
34 82 0.17
34 50 0.19
34 45 0.18
34 54 0.07
35 41 0.17
35 54 0.09
35 95 0.05
35 81 0.15
35 71 0.07
35 66 0.06
35 10 0.04
35 9 0.15
35 84 0.13
35 93 0.08
36 48 0.16
36 66 0.19
36 56 0.05
36 42 0.18
36 14 0.11
36 4 0.11
36 49 0.14
36 85 0.11
37 57 0.17
37 5 0.12
37 93 0.09
37 55 0.02
37 13 0.02
37 49 0.18
38 0 0.11
38 88 0.12
38 59 0.15
38 8 0.02
38 81 0.18
38 42 0.13
39 85 0.01
39 80 0.20
39 33 0.04
39 37 0.13
39 14 0.03
39 64 0.14
39 77 0.05
39 30 0.18
39 95 0.18
40 22 0.10
40 58 0.02
40 81 0.19
40 39 0.04
40 10 0.06
40 97 0.19
40 69 0.13
41 10 0.17
41 88 0.02
41 46 0.15
41 64 0.13
41 63 0.17
41 40 0.06
41 26 0.11
41 39 0.03
41 86 0.13
41 53 0.14
42 82 0.07
42 39 0.09
42 48 0.17
42 89 0.20
42 37 0.07
42 59 0.11
42 13 0.02
42 31 0.13
43 69 0.08
43 50 0.03
43 68 0.17
43 63 0.11
43 40 0.02
43 26 0.15
43 35 0.13
43 99 0.07
43 70 0.18
43 19 0.04
43 5 0.07
43 4 0.13
43 13 0.03
43 8 0.18
44 20 0.06
44 47 0.08
44 88 0.16
44 32 0.08
44 40 0.03
44 3 0.15
45 90 0.07
45 67 0.12
45 71 0.18
45 43 0.08
45 33 0.18
45 10 0.14
45 23 0.17
45 13 0.15
45 98 0.11
45 87 0.14
45 64 0.09
45 31 0.19
45 40 0.02
46 4 0.07
46 93 0.09
46 89 0.08
46 1 0.15
47 65 0.07
47 83 0.13
47 82 0.02
47 81 0.04
47 90 0.08
47 85 0.11
48 12 0.10
48 11 0.09
48 19 0.11
48 37 0.16
48 18 0.18
48 13 0.10
48 92 0.18
48 78 0.05
48 87 0.14
48 50 0.10
49 93 0.01
49 79 0.11
49 97 0.02
49 46 0.04
49 73 0.06
49 54 0.12
49 17 0.08
49 71 0.15
49 66 0.16
50 95 0.17
50 20 0.03
50 88 0.11
50 69 0.09
50 22 0.15
50 31 0.18
51 45 0.07
51 63 0.03
51 29 0.04
51 84 0.03
51 79 0.16
51 42 0.09
51 46 0.06
51 5 0.11
51 32 0.07
51 18 0.09
51 69 0.04
51 87 0.08
52 24 0.08
52 19 0.03
52 28 0.03
52 4 0.05
52 83 0.13
52 92 0.18
52 87 0.14
52 73 0.18
52 68 0.15
52 36 0.19
52 35 0.19
52 7 0.06
52 1 0.02
52 48 0.16
53 7 0.16
53 76 0.19
53 98 0.03
53 75 0.15
53 61 0.18
53 14 0.13
53 96 0.11
53 73 0.06
53 82 0.15
53 58 0.02
53 3 0.09
53 30 0.07
53 39 0.01
54 69 0.12
54 87 0.19
54 31 0.13
54 44 0.20
54 11 0.13
54 90 0.11
54 58 0.13
54 52 0.11
54 61 0.03
54 15 0.17
54 24 0.19
54 10 0.18
54 28 0.06
54 37 0.06
55 38 0.02
55 14 0.18
55 9 0.04
55 87 0.06
55 73 0.16
55 67 0.02
55 21 0.15
55 30 0.07
56 3 0.07
56 30 0.13
56 7 0.14
56 62 0.02
56 29 0.03
56 47 0.08
56 24 0.06
56 14 0.14
56 9 0.14
56 68 0.06
56 22 0.03
56 35 0.04
57 13 0.19
57 93 0.06
57 88 0.12
57 50 0.09
57 45 0.19
57 99 0.08
57 67 0.20
57 62 0.07
57 80 0.11
57 34 0.04
57 38 0.08
57 24 0.02
58 48 0.01
58 15 0.08
58 14 0.14
58 93 0.15
58 50 0.11
59 13 0.19
59 31 0.16
59 2 0.19
59 89 0.07
59 20 0.13
59 42 0.18
59 87 0.15
59 46 0.14
60 46 0.15
60 88 0.10
60 74 0.11
60 36 0.09
60 72 0.15
60 49 0.16
60 67 0.15
60 35 0.19
60 30 0.12
60 76 0.09
60 80 0.09
60 43 0.13
60 38 0.20
60 33 0.11
61 85 0.20
61 75 0.03
61 70 0.11
61 60 0.02
61 64 0.13
61 59 0.15
62 80 0.13
62 89 0.15
62 66 0.11
62 52 0.14
62 70 0.12
62 24 0.13
62 33 0.02
62 10 0.17
62 19 0.10
62 23 0.02
62 18 0.05
62 79 0.09
63 43 0.10
63 14 0.16
63 0 0.02
63 65 0.06
63 64 0.01
63 30 0.01
63 67 0.12
63 85 0.19
63 75 0.12
64 2 0.11
64 81 0.20
64 94 0.20
64 89 0.03
64 32 0.16
64 87 0.16
64 73 0.06
64 12 0.19
65 68 0.18
65 77 0.11
65 11 0.09
65 94 0.08
65 93 0.08
65 37 0.11
66 56 0.17
66 85 0.02
66 4 0.18
66 65 0.09
66 78 0.20
66 26 0.09
66 39 0.05
66 67 0.03
67 27 0.09
67 90 0.07
67 71 0.17
67 80 0.02
67 57 0.05
67 34 0.18
67 15 0.10
67 19 0.02
67 46 0.01
67 32 0.10
68 93 0.06
68 97 0.12
68 91 0.11
68 63 0.06
68 49 0.12
68 34 0.12
68 33 0.16
68 42 0.02
68 14 0.09
69 95 0.20
69 67 0.09
69 89 0.20
69 51 0.10
69 60 0.09
69 28 0.13
69 32 0.13
69 74 0.15
69 96 0.08
69 82 0.11
69 22 0.19
69 58 0.09
69 15 0.14
70 41 0.02
70 45 0.17
70 63 0.01
70 16 0.07
70 95 0.17
70 90 0.01
70 67 0.02
70 85 0.01
70 53 0.10
70 1 0.20
70 9 0.11
70 18 0.11
71 23 0.10
71 0 0.19
71 18 0.12
71 65 0.16
71 50 0.16
71 59 0.09
71 40 0.19
71 8 0.07
71 30 0.12
71 94 0.04
71 80 0.07
71 34 0.06
72 76 0.03
72 52 0.14
72 47 0.19
72 46 0.12
72 27 0.02
72 13 0.18
72 78 0.07
72 31 0.18
72 44 0.19
72 16 0.17
73 77 0.15
73 2 0.13
73 80 0.14
73 52 0.15
73 23 0.13
74 84 0.17
74 47 0.11
74 56 0.19
74 63 0.05
74 22 0.17
74 40 0.06
74 3 0.08
74 21 0.13
74 34 0.19
74 80 0.12
75 76 0.18
75 94 0.19
75 70 0.02
75 15 0.01
75 60 0.19
75 69 0.13
75 41 0.13
75 68 0.10
75 54 0.16
75 22 0.12
75 49 0.14
76 54 0.01
76 44 0.09
76 93 0.12
76 61 0.20
76 28 0.15
76 32 0.15
76 4 0.13
77 76 0.04
77 71 0.19
77 80 0.10
77 56 0.04
77 65 0.11
77 97 0.03
77 78 0.01
77 96 0.13
77 50 0.10
77 72 0.01
77 58 0.02
77 26 0.05
77 35 0.18
78 22 0.05
78 30 0.13
78 25 0.12
78 11 0.15
78 1 0.07
78 48 0.18
78 84 0.16
78 47 0.18
78 28 0.14
78 27 0.16
78 96 0.12
78 82 0.08
79 51 0.14
79 83 0.18
79 12 0.14
79 1 0.12
79 86 0.02
79 67 0.17
79 80 0.17
79 70 0.12
80 95 0.09
80 65 0.16
80 42 0.03
80 22 0.05
80 88 0.02
80 68 0.04
80 45 0.06
80 63 0.11
80 26 0.02
80 48 0.06
81 96 0.13
81 54 0.04
81 92 0.04
82 29 0.16
82 19 0.11
82 69 0.08
82 78 0.11
82 22 0.14
82 52 0.15
82 61 0.04
83 3 0.02
83 11 0.02
83 95 0.16
83 24 0.07
83 55 0.09
83 22 0.18
83 17 0.16
84 69 0.17
84 53 0.04
84 21 0.16
84 7 0.19
84 20 0.19
84 52 0.07
84 29 0.02
84 23 0.11
84 9 0.16
85 43 0.04
85 52 0.16
85 29 0.07
85 56 0.06
85 23 0.08
85 97 0.17
85 50 0.14
85 54 0.15
85 72 0.13
85 53 0.02
86 40 0.03
86 53 0.17
86 48 0.11
86 95 0.04
86 57 0.10
86 93 0.13
86 79 0.19
86 33 0.18
86 60 0.13
86 0 0.05
86 9 0.12
86 97 0.06
86 78 0.10
86 73 0.18
86 82 0.09
86 36 0.13
87 97 0.20
87 92 0.18
87 73 0.16
87 82 0.02
87 36 0.07
87 26 0.18
87 16 0.03
87 81 0.05
87 67 0.02
87 62 0.18
87 29 0.16
87 38 0.13
88 90 0.08
88 85 0.02
88 98 0.16
88 19 0.07
88 27 0.14
88 8 0.20
88 74 0.10
88 59 0.08
88 58 0.12
89 36 0.20
89 11 0.04
89 95 0.01
89 90 0.11
89 75 0.02
89 70 0.07
89 33 0.12
89 51 0.16
89 50 0.04
90 51 0.15
90 5 0.16
90 18 0.15
90 93 0.17
90 82 0.06
90 68 0.03
90 63 0.08
90 12 0.14
91 6 0.03
91 61 0.09
91 33 0.12
91 51 0.13
91 60 0.19
91 37 0.04
91 13 0.06
91 92 0.16
91 87 0.05
91 64 0.05
91 50 0.17
91 68 0.03
91 45 0.15
91 40 0.17
91 48 0.14
92 79 0.08
92 83 0.08
92 45 0.10
92 54 0.17
92 21 0.18
92 30 0.09
92 39 0.10
92 72 0.09
92 99 0.17
92 53 0.17
92 75 0.18
92 70 0.15
92 65 0.14
92 42 0.17
92 37 0.17
92 0 0.07
92 9 0.15
92 18 0.12
93 42 0.19
93 41 0.19
93 0 0.18
93 27 0.13
93 8 0.18
93 54 0.08
93 2 0.06
93 11 0.10
93 24 0.18
93 95 0.17
93 75 0.15
94 21 0.09
94 16 0.07
94 20 0.18
94 75 0.04
94 51 0.05
94 23 0.13
94 41 0.06
94 59 0.20
94 58 0.12
95 4 0.01
95 64 0.08
95 31 0.09
95 57 0.20
95 65 0.01
96 62 0.06
96 61 0.03
96 47 0.12
96 13 0.16
96 73 0.02
96 54 0.05
96 40 0.03
96 35 0.12
96 53 0.08
97 21 0.08
97 62 0.14
97 71 0.19
97 98 0.05
97 56 0.11
97 65 0.04
97 78 0.10
97 64 0.15
97 82 0.10
97 91 0.14
97 59 0.20
97 68 0.05
98 46 0.04
98 18 0.10
98 28 0.04
98 91 0.16
98 77 0.06
98 6 0.06
98 10 0.19
98 57 0.10
98 47 0.10
99 94 0.09
99 38 0.02
99 42 0.17
99 10 0.11
99 28 0.18
99 13 0.17
99 88 0.02
99 78 0.05
99 91 0.13
