0 0.39 0.13
1 0.29 0.11
2 0.22 0.05
3 0.34 0.32
4 0.47 0.24
5 0.27 0.27
6 0.12 0.33
7 0.3 0.37
8 0.13 0.17
9 0.45 0.36
10 0.25 0.14
11 0.24 0.35
12 0.23 0.23
13 0.03 0.41
14 0.18 0.22
15 0.36 0.27
16 0.11 0.03
17 0.44 0.15
18 0.28 0.19
19 0.37 0.03
20 0.22 0.43
21 0.35 0.33
22 0.48 0.42
23 0.28 0.25
24 0.11 0.24
25 0.17 0.47
26 0.12 0.3
27 0.36 0.36
28 0.22 0.16
29 0.12 0.29
30 0.11 0.14
31 0.09 0.3
32 0.19 0.38
33 0.24 0.28
34 0.07 0.06
35 0.42 0.05
36 0.09 0.13
37 0.11 0.27
38 0.37 0.14
39 0.18 0.21
40 0.23 0.05
41 0.25 0.5
42 0.41 0.13
43 0.46 0.32
44 0.05 0.42
45 0.32 0.31
46 0.49 0.37
47 0.49 0.13
48 0.16 0.06
49 0.47 0.02
50 0.02 0.42
51 0.11 0.08
52 0.46 0.5
53 0.4 0.36
54 0.43 0.36
55 0.16 0.12
56 0.39 0.41
57 0.13 0.18
58 0.47 0.41
59 0.35 0.23
60 0.49 0.31
61 0.2 0.2
62 0.17 0.23
63 0.35 0.13
64 0.19 0.11
65 0.01 0.13
66 0.02 0.48
67 0.25 0.13
68 0.49 0.23
69 0.38 0.41
70 0.12 0.1
71 0.35 0.43
72 0.17 0.12
73 0.35 0.28
74 0.3 0.4
75 0.1 0.28
76 0.16 0.13
77 0.24 0.41
78 0.37 0.27
79 0.26 0.37
80 0.36 0.09
81 0.34 0.06
82 0.22 0.25
83 0.1 0.24
84 0.08 0.05
85 0.48 0.12
86 0.19 0.19
87 0.06 0.08
88 0.26 0.11
89 0.41 0.42
90 0.25 0.5
91 0.39 0.12
92 0.01 0.19
93 0.29 0.19
94 0.32 0.05
95 0.35 0.01
96 0.43 0.33
97 0.1 0.29
98 0.02 0.16
99 0.34 0.11
