201
0 62 0.06
1 46 0.14
1 27 0.18
1 47 0.12
2 50 0.09
2 49 0.09
2 92 0.14
3 31 0.03
4 52 0.10
4 24 0.16
5 74 0.07
5 85 0.06
6 78 0.10
7 19 0.17
7 44 0.17
7 33 0.15
8 59 0.18
8 22 0.05
9 8 0.06
9 81 0.06
9 1 0.05
9 5 0.19
10 31 0.10
10 19 0.09
10 9 0.12
11 35 0.12
12 14 0.06
14 49 0.20
14 34 0.04
15 0 0.20
15 57 0.05
16 13 0.17
16 3 0.14
16 94 0.07
17 68 0.10
18 27 0.19
19 82 0.11
19 95 0.10
20 92 0.04
20 66 0.04
21 35 0.07
21 3 0.03
22 14 0.07
22 62 0.14
22 13 0.08
22 52 0.18
22 56 0.14
22 95 0.18
23 20 0.20
23 92 0.07
25 77 0.16
25 28 0.12
26 71 0.03
26 3 0.06
27 93 0.18
28 48 0.17
29 47 0.06
29 78 0.13
30 50 0.15
31 97 0.06
31 5 0.11
31 54 0.08
32 67 0.18
32 39 0.13
32 34 0.18
32 15 0.19
32 90 0.09
33 57 0.11
34 61 0.07
34 6 0.08
35 74 0.14
35 70 0.19
36 82 0.18
36 23 0.11
36 96 0.09
37 81 0.12
37 68 0.05
38 25 0.02
39 83 0.04
39 15 0.02
40 21 0.06
41 40 0.19
41 44 0.14
41 91 0.05
43 73 0.07
43 58 0.08
43 19 0.15
44 83 0.17
45 5 0.13
45 46 0.16
46 68 0.15
46 33 0.19
47 7 0.18
48 62 0.09
49 4 0.16
50 9 0.16
51 91 0.07
51 66 0.18
51 67 0.16
52 83 0.13
52 13 0.07
53 98 0.11
53 13 0.17
53 77 0.12
54 15 0.10
54 97 0.06
54 90 0.20
54 14 0.05
54 71 0.02
55 59 0.12
55 12 0.03
56 48 0.01
56 2 0.10
56 79 0.07
57 13 0.09
58 44 0.13
58 10 0.15
58 45 0.05
59 50 0.02
59 47 0.11
60 46 0.18
60 23 0.18
61 86 0.09
61 58 0.14
61 26 0.19
61 71 0.13
61 98 0.07
62 64 0.08
63 26 0.06
63 50 0.11
65 31 0.16
65 40 0.16
65 32 0.08
65 50 0.07
66 96 0.11
67 4 0.05
67 83 0.10
68 86 0.08
68 44 0.14
70 85 0.06
71 16 0.06
71 9 0.16
72 91 0.01
72 4 0.01
72 1 0.12
73 67 0.16
74 99 0.13
74 19 0.10
74 85 0.20
74 32 0.08
76 30 0.13
76 94 0.19
76 20 0.05
78 20 0.19
79 99 0.03
80 9 0.14
80 84 0.14
80 93 0.07
81 20 0.03
82 2 0.02
82 41 0.08
83 21 0.01
83 69 0.17
83 41 0.15
84 81 0.08
85 43 0.08
85 87 0.09
86 99 0.02
86 9 0.10
86 75 0.13
87 92 0.19
89 65 0.18
89 33 0.13
89 30 0.06
89 98 0.02
90 19 0.06
90 76 0.11
90 82 0.01
91 57 0.05
91 66 0.15
91 95 0.20
91 39 0.11
91 32 0.04
92 83 0.14
92 55 0.08
93 0 0.17
94 85 0.05
94 16 0.04
94 77 0.16
95 37 0.11
96 25 0.03
96 64 0.09
96 20 0.08
97 56 0.05
97 62 0.17
98 25 0.02
98 42 0.02
98 28 0.09
99 54 0.13
99 74 0.19
99 19 0.06
