1000
0 0.09 0.29
1 0.35 0.04
2 0.32 0.07
3 0.06 0.34
4 0.35 0.08
5 0.14 0.01
6 0.38 0.26
7 0.16 0.06
8 0.03 0.12
9 0.47 0.13
10 0.22 0.05
11 0.11 0.1
12 0.42 0.37
13 0.34 0.07
14 0.25 0.49
15 0.34 0.3
16 0.41 0.31
17 0.19 0.23
18 0.44 0.1
19 0.24 0.48
20 0.23 0.05
21 0.11 0.46
22 0.2 0.21
23 0.48 0.4
24 0.4 0.06
25 0.4 0.03
26 0.17 0.37
27 0.14 0.26
28 0.08 0.22
29 0.1 0.31
30 0.47 0.18
31 0.16 0.33
32 0.09 0.15
33 0.02 0.45
34 0.21 0.11
35 0.14 0.39
36 0.16 0.2
37 0.45 0.4
38 0.25 0.04
39 0.13 0.1
40 0.36 0.15
41 0.11 0.18
42 0.21 0.19
43 0.36 0.48
44 0.01 0.03
45 0.44 0.12
46 0.43 0.09
47 0.1 0.15
48 0.37 0.45
49 0.39 0.19
50 0.37 0.1
51 0.12 0.17
52 0.44 0.2
53 0.46 0.27
54 0.03 0.22
55 0.33 0.21
56 0.26 0.31
57 0.32 0.38
58 0.28 0.36
59 0.21 0.17
60 0.39 0.43
61 0.47 0.49
62 0.41 0.26
63 0.1 0.35
64 0.32 0.26
65 0.19 0.3
66 0.07 0.31
67 0.02 0.08
68 0.42 0.32
69 0.34 0.07
70 0.27 0.3
71 0.17 0.3
72 0.32 0.23
73 0.22 0.1
74 0.07 0.33
75 0.04 0.33
76 0.45 0.4
77 0.48 0.27
78 0.11 0.12
79 0.31 0.02
80 0.48 0.3
81 0.43 0.14
82 0.11 0.21
83 0.17 0.29
84 0.44 0.2
85 0.17 0.09
86 0.46 0.34
87 0.16 0.5
88 0.29 0.24
89 0.28 0.09
90 0.1 0.01
91 0.44 0.26
92 0.13 0.48
93 0.18 0.48
94 0.05 0.11
95 0.34 0.34
96 0.04 0.22
97 0.11 0.12
98 0.34 0.05
99 0.24 0.06
100 0.44 0.41
101 0.32 0.38
102 0.05 0.13
103 0.32 0.41
104 0.2 0.18
105 0.4 0.03
106 0.29 0.08
107 0.38 0.04
108 0.16 0.41
109 0.02 0.28
110 0.48 0.13
111 0.26 0.21
112 0.3 0.2
113 0.34 0.23
114 0.25 0.32
115 0.13 0.18
116 0.38 0.17
117 0.15 0.15
118 0.33 0.29
119 0.45 0.27
120 0.33 0.01
121 0.03 0.36
122 0.46 0.24
123 0.14 0.11
124 0.09 0.35
125 0.02 0.31
126 0.06 0.39
127 0.03 0.12
128 0.5 0.35
129 0.23 0.25
130 0.19 0.36
131 0.4 0.35
132 0.07 0.25
133 0.3 0.35
134 0.12 0.16
135 0.39 0.29
136 0.06 0.25
137 0.26 0.35
138 0.44 0.03
139 0.41 0.03
140 0.44 0.03
141 0.02 0.19
142 0.17 0.21
143 0.35 0.33
144 0.25 0.48
145 0.39 0.17
146 0.46 0.2
147 0.12 0.02
148 0.33 0.33
149 0.47 0.11
150 0.02 0.35
151 0.38 0.01
152 0.26 0.2
153 0.3 0.5
154 0.36 0.05
155 0.34 0.02
156 0.27 0.32
157 0.1 0.42
158 0.42 0.41
159 0.08 0.41
160 0.13 0.22
161 0.3 0.03
162 0.37 0.39
163 0.49 0.27
164 0.09 0.41
165 0.08 0.37
166 0.13 0.41
167 0.11 0.15
168 0.2 0.35
169 0.34 0.02
170 0.09 0.08
171 0.25 0.3
172 0.41 0.1
173 0.27 0.43
174 0.22 0.27
175 0.49 0.1
176 0.44 0.38
177 0.26 0.15
178 0.08 0.49
179 0.38 0.25
180 0.15 0.25
181 0.13 0.05
182 0.37 0.41
183 0.44 0.44
184 0.21 0.22
185 0.11 0.36
186 0.39 0.33
187 0.1 0.21
188 0.4 0.23
189 0.19 0.32
190 0.3 0.32
191 0.2 0.44
192 0.34 0.06
193 0.13 0.33
194 0.38 0.44
195 0.03 0.36
196 0.02 0.12
197 0.29 0.49
198 0.18 0.46
199 0.11 0.24
200 0.39 0.46
201 0.28 0.45
202 0.1 0.47
203 0.49 0.15
204 0.39 0.25
205 0.43 0.21
206 0.49 0.11
207 0.37 0.34
208 0.18 0.23
209 0.24 0.39
210 0.21 0.03
211 0.26 0.16
212 0.17 0.29
213 0.02 0.41
214 0.45 0.19
215 0.04 0.27
216 0.41 0.13
217 0.21 0.5
218 0.12 0.39
219 0.16 0.12
220 0.36 0.06
221 0.12 0.05
222 0.06 0.38
223 0.42 0.06
224 0.42 0.36
225 0.3 0.3
226 0.24 0.37
227 0.26 0.21
228 0.24 0.04
229 0.47 0.15
230 0.02 0.13
231 0.08 0.03
232 0.23 0.42
233 0.23 0.18
234 0.35 0.32
235 0.18 0.15
236 0.48 0.25
237 0.17 0.49
238 0.18 0.24
239 0.03 0.44
240 0.36 0.48
241 0.45 0.2
242 0.41 0.02
243 0.36 0.26
244 0.3 0.17
245 0.38 0.15
246 0.47 0.29
247 0.4 0.4
248 0.19 0.33
249 0.09 0.43
250 0.21 0.33
251 0.45 0.17
252 0.15 0.13
253 0.42 0.16
254 0.32 0.31
255 0.21 0.22
256 0.19 0.46
257 0.48 0.33
258 0.11 0.5
259 0.22 0.03
260 0.4 0.45
261 0.37 0.15
262 0.18 0.47
263 0.24 0.2
264 0.33 0.45
265 0.33 0.36
266 0.32 0.16
267 0.13 0.17
268 0.26 0.23
269 0.05 0.27
270 0.07 0.39
271 0.22 0.21
272 0.46 0.17
273 0.08 0.05
274 0.33 0.17
275 0.36 0.48
276 0.1 0.26
277 0.1 0.23
278 0.05 0.13
279 0.39 0.15
280 0.36 0.38
281 0.12 0.5
282 0.13 0.32
283 0.12 0.41
284 0.42 0.21
285 0.39 0.5
286 0.36 0.3
287 0.38 0.33
288 0.38 0.11
289 0.38 0.37
290 0.05 0.17
291 0.45 0.48
292 0.15 0.11
293 0.24 0.17
294 0.08 0.23
295 0.1 0.45
296 0.14 0.21
297 0.49 0.41
298 0.33 0.49
299 0.12 0.28
300 0.19 0.13
301 0.38 0.27
302 0.27 0.24
303 0.2 0.48
304 0.21 0.07
305 0.17 0.05
306 0.21 0.5
307 0.38 0.29
308 0.43 0.32
309 0.06 0.49
310 0.49 0.48
311 0.48 0.35
312 0.25 0.42
313 0.29 0.38
314 0.48 0.27
315 0.05 0.16
316 0.13 0.07
317 0.04 0.11
318 0.25 0.35
319 0.09 0.14
320 0.09 0.06
321 0.49 0.21
322 0.23 0.13
323 0.47 0.07
324 0.25 0.38
325 0.27 0.49
326 0.45 0.1
327 0.08 0.24
328 0.26 0.29
329 0.09 0.07
330 0.45 0.09
331 0.08 0.42
332 0.08 0.28
333 0.46 0.33
334 0.28 0.47
335 0.31 0.27
336 0.05 0.23
337 0.48 0.32
338 0.31 0.18
339 0.17 0.13
340 0.19 0.12
341 0.49 0.26
342 0.1 0.43
343 0.18 0.33
344 0.02 0.37
345 0.3 0.45
346 0.15 0.29
347 0.4 0.29
348 0.38 0.08
349 0.18 0.19
350 0.41 0.39
351 0.47 0.01
352 0.46 0.46
353 0.19 0.42
354 0.12 0.47
355 0.08 0.4
356 0.47 0.35
357 0.17 0.3
358 0.46 0.42
359 0.36 0.27
360 0.49 0.36
361 0.06 0.4
362 0.3 0.12
363 0.42 0.43
364 0.12 0.11
365 0.32 0.15
366 0.35 0.05
367 0.28 0.25
368 0.23 0.3
369 0.43 0.27
370 0.2 0.16
371 0.1 0.27
372 0.24 0.05
373 0.02 0.17
374 0.07 0.2
375 0.3 0.04
376 0.42 0.28
377 0.43 0.15
378 0.05 0.48
379 0.2 0.11
380 0.37 0.13
381 0.28 0.15
382 0.42 0.03
383 0.19 0.43
384 0.03 0.43
385 0.03 0.17
386 0.11 0.19
387 0.2 0.48
388 0.24 0.11
389 0.06 0.14
390 0.01 0.12
391 0.02 0.3
392 0.33 0.06
393 0.26 0.13
394 0.4 0.19
395 0.36 0.24
396 0.21 0.36
397 0.47 0.31
398 0.19 0.23
399 0.17 0.47
400 0.29 0.06
401 0.46 0.41
402 0.2 0.48
403 0.4 0.23
404 0.38 0.16
405 0.18 0.23
406 0.1 0.28
407 0.09 0.22
408 0.5 0.03
409 0.08 0.39
410 0.39 0.42
411 0.23 0.32
412 0.13 0.48
413 0.16 0.06
414 0.29 0.39
415 0.01 0.06
416 0.09 0.32
417 0.13 0.11
418 0.06 0.45
419 0.37 0.1
420 0.2 0.44
421 0.35 0.17
422 0.37 0.15
423 0.11 0.37
424 0.11 0.09
425 0.07 0.32
426 0.2 0.13
427 0.42 0.41
428 0.27 0.13
429 0.46 0.17
430 0.44 0.43
431 0.48 0.14
432 0.39 0.43
433 0.33 0.14
434 0.27 0.03
435 0.32 0.08
436 0.49 0.49
437 0.04 0.02
438 0.37 0.37
439 0.41 0.4
440 0.05 0.23
441 0.08 0.37
442 0.03 0.16
443 0.4 0.44
444 0.17 0.13
445 0.15 0.24
446 0.36 0.02
447 0.15 0.23
448 0.02 0.16
449 0.38 0.46
450 0.46 0.25
451 0.21 0.22
452 0.23 0.4
453 0.34 0.06
454 0.08 0.1
455 0.4 0.31
456 0.24 0.26
457 0.32 0.38
458 0.24 0.26
459 0.15 0.17
460 0.22 0.5
461 0.27 0.22
462 0.24 0.34
463 0.5 0.08
464 0.19 0.06
465 0.42 0.19
466 0.15 0.46
467 0.45 0.04
468 0.33 0.44
469 0.47 0.23
470 0.24 0.34
471 0.03 0.49
472 0.41 0.07
473 0.41 0.04
474 0.31 0.01
475 0.23 0.28
476 0.15 0.32
477 0.05 0.46
478 0.31 0.2
479 0.49 0.28
480 0.06 0.12
481 0.19 0.06
482 0.39 0.02
483 0.02 0.17
484 0.22 0.49
485 0.2 0.45
486 0.07 0.42
487 0.04 0.04
488 0.44 0.37
489 0.09 0.18
490 0.14 0.48
491 0.3 0.16
492 0.49 0.32
493 0.37 0.21
494 0.24 0.33
495 0.11 0.1
496 0.25 0.29
497 0.24 0.09
498 0.41 0.47
499 0.18 0.34
500 0.2 0.14
501 0.11 0.44
502 0.29 0.16
503 0.28 0.11
504 0.4 0.38
505 0.45 0.43
506 0.04 0.35
507 0.23 0.12
508 0.29 0.44
509 0.35 0.08
510 0.42 0.36
511 0.1 0.33
512 0.29 0.33
513 0.18 0.12
514 0.43 0.2
515 0.31 0.32
516 0.34 0.2
517 0.32 0.24
518 0.25 0.3
519 0.5 0.05
520 0.43 0.35
521 0.23 0.24
522 0.41 0.49
523 0.05 0.1
524 0.46 0.16
525 0.38 0.05
526 0.41 0.28
527 0.12 0.25
528 0.06 0.43
529 0.09 0.38
530 0.07 0.09
531 0.49 0.45
532 0.38 0.11
533 0.34 0.44
534 0.46 0.25
535 0.38 0.49
536 0.44 0.32
537 0.43 0.37
538 0.16 0.48
539 0.04 0.26
540 0.4 0.25
541 0.36 0.07
542 0.32 0.38
543 0.28 0.2
544 0.49 0.45
545 0.19 0.27
546 0.24 0.04
547 0.17 0.49
548 0.32 0.17
549 0.25 0.06
550 0.05 0.07
551 0.1 0.2
552 0.13 0.31
553 0.18 0.08
554 0.18 0.2
555 0.23 0.17
556 0.21 0.47
557 0.16 0.29
558 0.06 0.41
559 0.39 0.09
560 0.44 0.16
561 0.38 0.46
562 0.09 0.04
563 0.1 0.37
564 0.39 0.07
565 0.37 0.44
566 0.07 0.17
567 0.35 0.46
568 0.34 0.28
569 0.13 0.05
570 0.34 0.24
571 0.16 0.39
572 0.22 0.31
573 0.16 0.41
574 0.23 0.07
575 0.35 0.2
576 0.38 0.46
577 0.33 0.16
578 0.21 0.17
579 0.44 0.43
580 0.35 0.32
581 0.39 0.31
582 0.18 0.39
583 0.36 0.37
584 0.05 0.04
585 0.03 0.1
586 0.47 0.23
587 0.33 0.05
588 0.31 0.3
589 0.39 0.41
590 0.16 0.05
591 0.23 0.05
592 0.21 0.33
593 0.32 0.47
594 0.48 0.1
595 0.33 0.14
596 0.44 0.42
597 0.34 0.11
598 0.08 0.41
599 0.1 0.35
600 0.16 0.2
601 0.06 0.08
602 0.04 0.32
603 0.22 0.33
604 0.19 0.02
605 0.21 0.3
606 0.06 0.18
607 0.27 0.48
608 0.33 0.1
609 0.11 0.05
610 0.14 0.19
611 0.11 0.24
612 0.42 0.24
613 0.1 0.23
614 0.05 0.04
615 0.49 0.37
616 0.13 0.21
617 0.31 0.25
618 0.39 0.25
619 0.39 0.44
620 0.39 0.31
621 0.26 0.18
622 0.2 0.08
623 0.37 0.11
624 0.45 0.34
625 0.49 0.16
626 0.35 0.35
627 0.27 0.37
628 0.14 0.13
629 0.13 0.37
630 0.17 0.5
631 0.42 0.05
632 0.32 0.33
633 0.32 0.43
634 0.02 0.25
635 0.21 0.03
636 0.46 0.14
637 0.5 0.06
638 0.08 0.17
639 0.32 0.26
640 0.4 0.11
641 0.05 0.5
642 0.32 0.24
643 0.24 0.41
644 0.12 0.35
645 0.25 0.15
646 0.43 0.24
647 0.04 0.34
648 0.02 0.38
649 0.38 0.15
650 0.36 0.11
651 0.24 0.14
652 0.4 0.14
653 0.05 0.1
654 0.09 0.17
655 0.21 0.05
656 0.5 0.49
657 0.44 0.11
658 0.41 0.39
659 0.22 0.09
660 0.48 0.32
661 0.3 0.06
662 0.22 0.5
663 0.33 0.42
664 0.2 0.47
665 0.33 0.49
666 0.4 0.21
667 0.02 0.45
668 0.43 0.35
669 0.32 0.14
670 0.13 0.35
671 0.46 0.11
672 0.27 0.46
673 0.18 0.46
674 0.32 0.3
675 0.41 0.47
676 0.16 0.32
677 0.49 0.06
678 0.4 0.16
679 0.22 0.32
680 0.32 0.07
681 0.27 0.44
682 0.15 0.39
683 0.29 0.36
684 0.37 0.25
685 0.18 0.12
686 0.45 0.12
687 0.48 0.09
688 0.13 0.04
689 0.25 0.18
690 0.32 0.27
691 0.04 0.41
692 0.32 0.15
693 0.46 0.46
694 0.38 0.03
695 0.38 0.22
696 0.4 0.23
697 0.21 0.06
698 0.34 0.06
699 0.36 0.47
700 0.25 0.32
701 0.24 0.37
702 0.11 0.38
703 0.08 0.29
704 0.1 0.02
705 0.44 0.22
706 0.07 0.39
707 0.22 0.18
708 0.42 0.04
709 0.2 0.42
710 0.24 0.18
711 0.37 0.23
712 0.01 0.24
713 0.06 0.04
714 0.36 0.05
715 0.16 0.02
716 0.34 0.37
717 0.43 0.37
718 0.26 0.31
719 0.2 0.3
720 0.16 0.05
721 0.11 0.04
722 0.14 0.24
723 0.5 0.17
724 0.5 0.49
725 0.28 0.44
726 0.35 0.23
727 0.27 0.03
728 0.4 0.45
729 0.05 0.37
730 0.12 0.21
731 0.37 0.47
732 0.44 0.02
733 0.07 0.1
734 0.18 0.06
735 0.35 0.35
736 0.42 0.04
737 0.11 0.03
738 0.42 0.23
739 0.39 0.02
740 0.04 0.1
741 0.03 0.36
742 0.41 0.39
743 0.23 0.48
744 0.32 0.41
745 0.43 0.32
746 0.34 0.2
747 0.41 0.11
748 0.09 0.17
749 0.45 0.44
750 0.4 0.06
751 0.27 0.11
752 0.23 0.23
753 0.1 0.02
754 0.18 0.04
755 0.05 0.29
756 0.19 0.3
757 0.09 0.37
758 0.23 0.29
759 0.17 0.06
760 0.08 0.32
761 0.41 0.22
762 0.06 0.25
763 0.07 0.42
764 0.38 0.1
765 0.23 0.02
766 0.03 0.15
767 0.29 0.44
768 0.28 0.18
769 0.43 0.05
770 0.46 0.43
771 0.17 0.16
772 0.25 0.06
773 0.17 0.32
774 0.24 0.37
775 0.35 0.12
776 0.11 0.11
777 0.25 0.47
778 0.06 0.24
779 0.32 0.5
780 0.05 0.02
781 0.26 0.27
782 0.2 0.01
783 0.29 0.36
784 0.15 0.23
785 0.08 0.3
786 0.22 0.18
787 0.46 0.33
788 0.13 0.43
789 0.09 0.26
790 0.43 0.06
791 0.21 0.48
792 0.33 0.36
793 0.21 0.42
794 0.1 0.49
795 0.42 0.22
796 0.13 0.46
797 0.13 0.05
798 0.27 0.35
799 0.32 0.26
800 0.13 0.19
801 0.45 0.48
802 0.06 0.14
803 0.48 0.49
804 0.04 0.41
805 0.15 0.27
806 0.32 0.4
807 0.39 0.22
808 0.47 0.3
809 0.45 0.5
810 0.22 0.2
811 0.15 0.34
812 0.35 0.22
813 0.48 0.08
814 0.3 0.11
815 0.31 0.03
816 0.11 0.17
817 0.05 0.25
818 0.02 0.25
819 0.2 0.41
820 0.24 0.45
821 0.34 0.37
822 0.26 0.4
823 0.33 0.47
824 0.4 0.5
825 0.17 0.44
826 0.37 0.1
827 0.3 0.2
828 0.43 0.11
829 0.45 0.11
830 0.23 0.28
831 0.31 0.08
832 0.26 0.31
833 0.21 0.11
834 0.21 0.27
835 0.37 0.46
836 0.18 0.46
837 0.3 0.07
838 0.47 0.15
839 0.25 0.38
840 0.44 0.3
841 0.19 0.03
842 0.47 0.26
843 0.14 0.18
844 0.26 0.11
845 0.46 0.41
846 0.47 0.36
847 0.37 0.11
848 0.4 0.05
849 0.12 0.47
850 0.34 0.33
851 0.32 0.09
852 0.25 0.2
853 0.14 0.45
854 0.3 0.28
855 0.45 0.42
856 0.45 0.1
857 0.28 0.02
858 0.24 0.33
859 0.17 0.19
860 0.06 0.37
861 0.26 0.23
862 0.24 0.33
863 0.49 0.11
864 0.07 0.2
865 0.44 0.35
866 0.34 0.16
867 0.32 0.2
868 0.1 0.23
869 0.41 0.26
870 0.38 0.13
871 0.47 0.29
872 0.43 0.35
873 0.41 0.29
874 0.43 0.5
875 0.12 0.01
876 0.45 0.12
877 0.44 0.49
878 0.15 0.32
879 0.16 0.25
880 0.18 0.15
881 0.37 0.13
882 0.03 0.22
883 0.37 0.41
884 0.47 0.14
885 0.36 0.06
886 0.5 0.03
887 0.03 0.27
888 0.2 0.24
889 0.1 0.42
890 0.43 0.3
891 0.33 0.34
892 0.2 0.07
893 0.27 0.15
894 0.36 0.47
895 0.4 0.13
896 0.19 0.43
897 0.12 0.06
898 0.05 0.5
899 0.32 0.23
900 0.4 0.38
901 0.32 0.32
902 0.1 0.43
903 0.02 0.37
904 0.41 0.43
905 0.47 0.38
906 0.43 0.48
907 0.46 0.02
908 0.46 0.15
909 0.08 0.08
910 0.45 0.33
911 0.41 0.14
912 0.49 0.37
913 0.08 0.05
914 0.3 0.21
915 0.28 0.02
916 0.09 0.22
917 0.36 0.04
918 0.09 0.47
919 0.45 0.15
920 0.46 0.39
921 0.35 0.27
922 0.44 0.2
923 0.17 0.49
924 0.28 0.11
925 0.35 0.39
926 0.13 0.19
927 0.12 0.25
928 0.11 0.11
929 0.1 0.05
930 0.38 0.08
931 0.26 0.2
932 0.13 0.22
933 0.34 0.32
934 0.35 0.2
935 0.2 0.24
936 0.49 0.17
937 0.07 0.34
938 0.33 0.29
939 0.29 0.19
940 0.15 0.17
941 0.37 0.24
942 0.38 0.48
943 0.11 0.42
944 0.1 0.07
945 0.39 0.06
946 0.18 0.43
947 0.17 0.41
948 0.47 0.05
949 0.34 0.37
950 0.07 0.02
951 0.02 0.4
952 0.39 0.22
953 0.45 0.37
954 0.03 0.11
955 0.37 0.14
956 0.12 0.36
957 0.41 0.09
958 0.36 0.4
959 0.41 0.39
960 0.04 0.27
961 0.41 0.22
962 0.14 0.31
963 0.12 0.25
964 0.27 0.42
965 0.03 0.22
966 0.05 0.4
967 0.08 0.28
968 0.29 0.45
969 0.5 0.46
970 0.05 0.3
971 0.48 0.41
972 0.1 0.04
973 0.06 0.34
974 0.31 0.13
975 0.22 0.47
976 0.28 0.47
977 0.38 0.38
978 0.27 0.02
979 0.24 0.2
980 0.28 0.18
981 0.33 0.17
982 0.03 0.04
983 0.48 0.32
984 0.32 0.46
985 0.1 0.13
986 0.37 0.46
987 0.23 0.45
988 0.05 0.33
989 0.45 0.07
990 0.29 0.16
991 0.14 0.27
992 0.15 0.13
993 0.5 0.26
994 0.48 0.08
995 0.32 0.2
996 0.38 0.19
997 0.41 0.11
998 0.07 0.02
999 0.32 0.22
