1000
0 0.45 0.09
1 0.45 0.31
2 0.06 0.46
3 0.25 0.49
4 0.14 0.48
5 0.14 0.44
6 0.41 0.22
7 0.42 0.4
8 0.29 0.35
9 0.02 0.24
10 0.39 0.17
11 0.47 0.4
12 0.45 0.4
13 0.48 0.17
14 0.42 0.41
15 0.15 0.02
16 0.24 0.35
17 0.3 0.37
18 0.22 0.03
19 0.36 0.06
20 0.46 0.17
21 0.25 0.26
22 0.1 0.47
23 0.42 0.01
24 0.25 0.41
25 0.34 0.25
26 0.25 0.33
27 0.39 0.34
28 0.45 0.14
29 0.43 0.13
30 0.32 0.17
31 0.04 0.29
32 0.1 0.06
33 0.12 0.46
34 0.05 0.12
35 0.03 0.22
36 0.3 0.45
37 0.32 0.5
38 0.43 0.29
39 0.32 0.05
40 0.34 0.11
41 0.02 0.21
42 0.46 0.44
43 0.24 0.27
44 0.11 0.41
45 0.3 0.45
46 0.4 0.1
47 0.03 0.05
48 0.24 0.38
49 0.14 0.13
50 0.42 0.12
51 0.47 0.13
52 0.46 0.2
53 0.2 0.25
54 0.21 0.14
55 0.47 0.13
56 0.37 0.29
57 0.18 0.42
58 0.47 0.18
59 0.47 0.26
60 0.14 0.44
61 0.24 0.11
62 0.41 0.13
63 0.49 0.32
64 0.33 0.03
65 0.2 0.31
66 0.17 0.13
67 0.38 0.21
68 0.15 0.31
69 0.33 0.19
70 0.29 0.4
71 0.15 0.27
72 0.31 0.13
73 0.33 0.23
74 0.47 0.35
75 0.36 0.09
76 0.41 0.1
77 0.3 0.22
78 0.32 0.28
79 0.44 0.03
80 0.14 0.48
81 0.06 0.12
82 0.16 0.02
83 0.05 0.1
84 0.09 0.42
85 0.5 0.17
86 0.23 0.21
87 0.12 0.49
88 0.41 0.32
89 0.32 0.04
90 0.12 0.1
91 0.46 0.25
92 0.19 0.27
93 0.22 0.06
94 0.18 0.29
95 0.36 0.13
96 0.2 0.37
97 0.41 0.32
98 0.07 0.44
99 0.03 0.4
100 0.36 0.03
101 0.07 0.2
102 0.14 0.06
103 0.42 0.1
104 0.1 0.01
105 0.03 0.27
106 0.11 0.27
107 0.26 0.47
108 0.28 0.27
109 0.16 0.04
110 0.05 0.27
111 0.4 0.47
112 0.47 0.12
113 0.2 0.39
114 0.49 0.41
115 0.12 0.45
116 0.39 0.15
117 0.05 0.03
118 0.44 0.13
119 0.01 0.49
120 0.21 0.22
121 0.39 0.38
122 0.05 0.28
123 0.33 0.39
124 0.42 0.3
125 0.47 0.35
126 0.11 0.33
127 0.35 0.22
128 0.43 0.49
129 0.43 0.19
130 0.25 0.31
131 0.41 0.23
132 0.39 0.3
133 0.37 0.32
134 0.12 0.42
135 0.5 0.06
136 0.16 0.14
137 0.49 0.46
138 0.05 0.26
139 0.13 0.06
140 0.18 0.35
141 0.32 0.25
142 0.49 0.3
143 0.35 0.13
144 0.43 0.04
145 0.41 0.3
146 0.29 0.42
147 0.35 0.46
148 0.09 0.42
149 0.33 0.08
150 0.35 0.25
151 0.02 0.46
152 0.07 0.22
153 0.17 0.07
154 0.37 0.21
155 0.18 0.29
156 0.47 0.39
157 0.06 0.35
158 0.29 0.29
159 0.35 0.12
160 0.41 0.42
161 0.14 0.45
162 0.46 0.04
163 0.2 0.07
164 0.41 0.27
165 0.09 0.28
166 0.09 0.43
167 0.09 0.31
168 0.13 0.21
169 0.11 0.13
170 0.18 0.28
171 0.05 0.04
172 0.39 0.3
173 0.32 0.38
174 0.45 0.14
175 0.29 0.23
176 0.07 0.25
177 0.09 0.15
178 0.18 0.47
179 0.37 0.21
180 0.43 0.07
181 0.32 0.12
182 0.44 0.05
183 0.17 0.21
184 0.49 0.09
185 0.29 0.46
186 0.22 0.32
187 0.16 0.45
188 0.12 0.07
189 0.43 0.27
190 0.38 0.23
191 0.3 0.46
192 0.18 0.07
193 0.31 0.4
194 0.04 0.19
195 0.04 0.29
196 0.45 0.23
197 0.19 0.28
198 0.03 0.44
199 0.33 0.07
200 0.02 0.16
201 0.2 0.15
202 0.35 0.46
203 0.39 0.07
204 0.24 0.03
205 0.32 0.29
206 0.26 0.21
207 0.23 0.17
208 0.32 0.3
209 0.15 0.36
210 0.22 0.12
211 0.03 0.17
212 0.06 0.31
213 0.08 0.4
214 0.45 0.11
215 0.23 0.12
216 0.11 0.41
217 0.16 0.02
218 0.13 0.38
219 0.37 0.08
220 0.4 0.21
221 0.26 0.22
222 0.26 0.44
223 0.49 0.24
224 0.47 0.07
225 0.07 0.43
226 0.34 0.11
227 0.05 0.17
228 0.25 0.03
229 0.42 0.12
230 0.36 0.16
231 0.18 0.16
232 0.39 0.43
233 0.47 0.39
234 0.41 0.26
235 0.19 0.02
236 0.03 0.36
237 0.12 0.3
238 0.19 0.08
239 0.06 0.06
240 0.29 0.1
241 0.19 0.15
242 0.14 0.36
243 0.2 0.18
244 0.03 0.16
245 0.36 0.13
246 0.3 0.24
247 0.35 0.2
248 0.38 0.29
249 0.22 0.08
250 0.36 0.26
251 0.09 0.49
252 0.26 0.11
253 0.17 0.29
254 0.43 0.02
255 0.46 0.02
256 0.22 0.12
257 0.11 0.2
258 0.03 0.38
259 0.22 0.38
260 0.15 0.16
261 0.02 0.47
262 0.24 0.14
263 0.09 0.21
264 0.41 0.1
265 0.25 0.32
266 0.37 0.01
267 0.11 0.06
268 0.03 0.49
269 0.18 0.33
270 0.29 0.18
271 0.44 0.31
272 0.12 0.49
273 0.1 0.48
274 0.16 0.06
275 0.1 0.42
276 0.33 0.34
277 0.18 0.34
278 0.49 0.45
279 0.17 0.21
280 0.23 0.49
281 0.08 0.11
282 0.47 0.41
283 0.03 0.16
284 0.38 0.38
285 0.18 0.16
286 0.11 0.32
287 0.13 0.23
288 0.23 0.06
289 0.12 0.36
290 0.19 0.22
291 0.3 0.42
292 0.2 0.07
293 0.2 0.48
294 0.03 0.49
295 0.19 0.37
296 0.24 0.03
297 0.08 0.16
298 0.39 0.35
299 0.16 0.21
300 0.01 0.21
301 0.11 0.2
302 0.34 0.4
303 0.05 0.35
304 0.34 0.49
305 0.2 0.28
306 0.33 0.26
307 0.32 0.18
308 0.16 0.03
309 0.43 0.12
310 0.12 0.39
311 0.3 0.42
312 0.25 0.34
313 0.14 0.35
314 0.08 0.12
315 0.46 0.31
316 0.12 0.31
317 0.18 0.14
318 0.27 0.25
319 0.04 0.3
320 0.38 0.41
321 0.2 0.32
322 0.08 0.1
323 0.02 0.18
324 0.4 0.19
325 0.13 0.13
326 0.31 0.39
327 0.1 0.09
328 0.31 0.48
329 0.16 0.04
330 0.38 0.12
331 0.31 0.33
332 0.04 0.15
333 0.28 0.36
334 0.17 0.35
335 0.23 0.46
336 0.27 0.1
337 0.09 0.05
338 0.41 0.41
339 0.03 0.35
340 0.11 0.09
341 0.24 0.47
342 0.38 0.37
343 0.22 0.16
344 0.26 0.12
345 0.39 0.3
346 0.16 0.25
347 0.28 0.05
348 0.21 0.24
349 0.17 0.22
350 0.32 0.3
351 0.05 0.36
352 0.22 0.33
353 0.03 0.02
354 0.35 0.25
355 0.47 0.29
356 0.48 0.13
357 0.19 0.01
358 0.44 0.07
359 0.12 0.27
360 0.13 0.03
361 0.49 0.06
362 0.2 0.39
363 0.14 0.37
364 0.15 0.26
365 0.3 0.46
366 0.43 0.24
367 0.13 0.34
368 0.45 0.39
369 0.45 0.46
370 0.16 0.03
371 0.3 0.46
372 0.08 0.01
373 0.23 0.46
374 0.37 0.34
375 0.06 0.2
376 0.07 0.23
377 0.24 0.17
378 0.05 0.28
379 0.3 0.21
380 0.1 0.33
381 0.12 0.14
382 0.12 0.37
383 0.46 0.32
384 0.09 0.44
385 0.32 0.31
386 0.25 0.26
387 0.23 0.43
388 0.39 0.11
389 0.12 0.13
390 0.28 0.35
391 0.46 0.14
392 0.31 0.25
393 0.32 0.21
394 0.18 0.05
395 0.3 0.19
396 0.15 0.17
397 0.32 0.12
398 0.34 0.13
399 0.23 0.16
400 0.46 0.4
401 0.37 0.18
402 0.2 0.41
403 0.31 0.5
404 0.23 0.25
405 0.16 0.48
406 0.2 0.19
407 0.12 0.39
408 0.12 0.33
409 0.06 0.22
410 0.46 0.38
411 0.5 0.48
412 0.46 0.46
413 0.29 0.48
414 0.19 0.42
415 0.11 0.1
416 0.4 0.33
417 0.11 0.48
418 0.27 0.02
419 0.42 0.24
420 0.43 0.21
421 0.36 0.15
422 0.47 0.31
423 0.33 0.2
424 0.31 0.41
425 0.48 0.32
426 0.22 0.06
427 0.06 0.49
428 0.17 0.21
429 0.44 0.28
430 0.15 0.38
431 0.44 0.19
432 0.01 0.19
433 0.22 0.09
434 0.16 0.29
435 0.21 0.42
436 0.06 0.36
437 0.18 0.29
438 0.26 0.11
439 0.38 0.12
440 0.09 0.44
441 0.33 0.41
442 0.29 0.46
443 0.36 0.27
444 0.3 0.17
445 0.37 0.31
446 0.41 0.5
447 0.01 0.23
448 0.23 0.21
449 0.25 0.23
450 0.2 0.4
451 0.14 0.31
452 0.09 0.16
453 0.11 0.24
454 0.08 0.49
455 0.04 0.07
456 0.24 0.43
457 0.32 0.42
458 0.04 0.38
459 0.42 0.15
460 0.33 0.22
461 0.46 0.1
462 0.49 0.36
463 0.02 0.49
464 0.45 0.42
465 0.34 0.27
466 0.09 0.26
467 0.42 0.07
468 0.5 0.18
469 0.36 0.25
470 0.06 0.42
471 0.13 0.18
472 0.15 0.39
473 0.04 0.36
474 0.12 0.45
475 0.19 0.3
476 0.2 0.48
477 0.26 0.07
478 0.5 0.15
479 0.1 0.04
480 0.5 0.11
481 0.46 0.14
482 0.47 0.23
483 0.37 0.34
484 0.11 0.06
485 0.5 0.39
486 0.04 0.21
487 0.43 0.28
488 0.2 0.02
489 0.11 0.15
490 0.09 0.26
491 0.41 0.39
492 0.04 0.19
493 0.44 0.26
494 0.31 0.45
495 0.34 0.4
496 0.06 0.39
497 0.21 0.28
498 0.31 0.15
499 0.12 0.13
500 0.31 0.44
501 0.13 0.46
502 0.41 0.46
503 0.09 0.38
504 0.26 0.02
505 0.33 0.27
506 0.42 0.45
507 0.33 0.44
508 0.36 0.34
509 0.39 0.04
510 0.45 0.02
511 0.32 0.33
512 0.37 0.49
513 0.24 0.37
514 0.19 0.44
515 0.09 0.14
516 0.18 0.47
517 0.16 0.34
518 0.41 0.04
519 0.03 0.32
520 0.01 0.24
521 0.25 0.15
522 0.3 0.04
523 0.08 0.43
524 0.09 0.05
525 0.28 0.08
526 0.42 0.11
527 0.1 0.25
528 0.44 0.38
529 0.36 0.26
530 0.22 0.15
531 0.25 0.27
532 0.19 0.16
533 0.2 0.06
534 0.08 0.41
535 0.24 0.33
536 0.41 0.19
537 0.34 0.35
538 0.34 0.3
539 0.24 0.2
540 0.23 0.28
541 0.25 0.16
542 0.15 0.33
543 0.31 0.36
544 0.03 0.48
545 0.48 0.09
546 0.18 0.13
547 0.08 0.3
548 0.04 0.34
549 0.33 0.46
550 0.34 0.05
551 0.19 0.03
552 0.14 0.01
553 0.08 0.48
554 0.41 0.43
555 0.01 0.07
556 0.11 0.22
557 0.23 0.06
558 0.28 0.43
559 0.19 0.08
560 0.19 0.13
561 0.36 0.27
562 0.09 0.23
563 0.48 0.47
564 0.27 0.29
565 0.24 0.07
566 0.29 0.22
567 0.07 0.49
568 0.17 0.23
569 0.24 0.43
570 0.31 0.22
571 0.46 0.11
572 0.45 0.37
573 0.21 0.06
574 0.03 0.18
575 0.45 0.19
576 0.41 0.12
577 0.01 0.2
578 0.08 0.07
579 0.41 0.12
580 0.08 0.48
581 0.44 0.45
582 0.45 0.05
583 0.13 0.19
584 0.38 0.33
585 0.17 0.1
586 0.06 0.16
587 0.33 0.26
588 0.41 0.24
589 0.48 0.12
590 0.24 0.41
591 0.36 0.4
592 0.48 0.25
593 0.26 0.29
594 0.27 0.14
595 0.4 0.49
596 0.48 0.13
597 0.07 0.48
598 0.26 0.08
599 0.1 0.26
600 0.29 0.41
601 0.39 0.42
602 0.26 0.34
603 0.32 0.49
604 0.05 0.5
605 0.41 0.22
606 0.43 0.37
607 0.35 0.49
608 0.17 0.14
609 0.23 0.26
610 0.07 0.22
611 0.4 0.26
612 0.27 0.38
613 0.12 0.04
614 0.39 0.3
615 0.21 0.14
616 0.23 0.25
617 0.18 0.22
618 0.14 0.44
619 0.47 0.36
620 0.11 0.31
621 0.29 0.4
622 0.2 0.01
623 0.47 0.02
624 0.32 0.19
625 0.35 0.42
626 0.11 0.07
627 0.39 0.27
628 0.35 0.45
629 0.41 0.09
630 0.16 0.38
631 0.04 0.02
632 0.06 0.13
633 0.03 0.34
634 0.15 0.49
635 0.38 0.29
636 0.12 0.29
637 0.14 0.33
638 0.04 0.42
639 0.22 0.15
640 0.37 0.29
641 0.16 0.5
642 0.27 0.18
643 0.28 0.19
644 0.01 0.22
645 0.38 0.5
646 0.11 0.02
647 0.26 0.45
648 0.32 0.04
649 0.39 0.09
650 0.05 0.19
651 0.44 0.37
652 0.25 0.42
653 0.39 0.4
654 0.5 0.17
655 0.17 0.09
656 0.18 0.43
657 0.35 0.07
658 0.45 0.04
659 0.2 0.1
660 0.38 0.03
661 0.46 0.43
662 0.27 0.34
663 0.13 0.35
664 0.22 0.28
665 0.35 0.13
666 0.16 0.37
667 0.47 0.37
668 0.49 0.05
669 0.43 0.05
670 0.34 0.06
671 0.06 0.45
672 0.29 0.32
673 0.23 0.11
674 0.03 0.29
675 0.11 0.17
676 0.47 0.03
677 0.18 0.48
678 0.39 0.46
679 0.04 0.06
680 0.16 0.47
681 0.23 0.39
682 0.23 0.24
683 0.44 0.42
684 0.1 0.44
685 0.47 0.04
686 0.27 0.07
687 0.22 0.33
688 0.28 0.18
689 0.39 0.03
690 0.41 0.48
691 0.19 0.11
692 0.02 0.38
693 0.11 0.04
694 0.15 0.48
695 0.33 0.12
696 0.26 0.44
697 0.14 0.12
698 0.07 0.08
699 0.09 0.42
700 0.4 0.17
701 0.46 0.32
702 0.45 0.12
703 0.19 0.09
704 0.13 0.21
705 0.02 0.35
706 0.35 0.27
707 0.08 0.48
708 0.17 0.43
709 0.05 0.04
710 0.07 0.31
711 0.35 0.4
712 0.07 0.19
713 0.21 0.18
714 0.43 0.41
715 0.09 0.19
716 0.38 0.39
717 0.38 0.49
718 0.45 0.1
719 0.27 0.23
720 0.11 0.1
721 0.19 0.45
722 0.05 0.21
723 0.36 0.29
724 0.1 0.41
725 0.17 0.48
726 0.43 0.2
727 0.12 0.39
728 0.15 0.11
729 0.42 0.42
730 0.17 0.45
731 0.25 0.1
732 0.42 0.33
733 0.06 0.1
734 0.31 0.03
735 0.45 0.16
736 0.25 0.35
737 0.15 0.23
738 0.46 0.49
739 0.32 0.1
740 0.28 0.38
741 0.03 0.34
742 0.05 0.36
743 0.27 0.2
744 0.44 0.36
745 0.05 0.44
746 0.09 0.42
747 0.37 0.39
748 0.19 0.26
749 0.5 0.1
750 0.43 0.41
751 0.41 0.1
752 0.1 0.03
753 0.12 0.41
754 0.19 0.18
755 0.42 0.13
756 0.05 0.46
757 0.14 0.34
758 0.47 0.45
759 0.15 0.47
760 0.08 0.33
761 0.23 0.12
762 0.44 0.37
763 0.48 0.24
764 0.21 0.29
765 0.18 0.18
766 0.3 0.42
767 0.25 0.12
768 0.49 0.34
769 0.46 0.21
770 0.3 0.27
771 0.34 0.04
772 0.38 0.39
773 0.43 0.04
774 0.49 0.27
775 0.46 0.17
776 0.26 0.43
777 0.24 0.13
778 0.19 0.07
779 0.1 0.09
780 0.02 0.2
781 0.11 0.46
782 0.31 0.33
783 0.48 0.1
784 0.43 0.47
785 0.49 0.41
786 0.15 0.27
787 0.49 0.31
788 0.03 0.35
789 0.03 0.11
790 0.01 0.13
791 0.14 0.08
792 0.33 0.31
793 0.4 0.49
794 0.1 0.44
795 0.24 0.05
796 0.02 0.08
797 0.39 0.16
798 0.08 0.13
799 0.03 0.2
800 0.33 0.16
801 0.25 0.26
802 0.5 0.25
803 0.42 0.16
804 0.04 0.08
805 0.32 0.13
806 0.2 0.22
807 0.15 0.19
808 0.21 0.41
809 0.33 0.47
810 0.14 0.35
811 0.03 0.39
812 0.18 0.01
813 0.14 0.14
814 0.34 0.37
815 0.09 0.04
816 0.11 0.37
817 0.41 0.06
818 0.03 0.31
819 0.31 0.39
820 0.5 0.24
821 0.06 0.45
822 0.3 0.42
823 0.43 0.08
824 0.44 0.42
825 0.5 0.25
826 0.5 0.36
827 0.37 0.19
828 0.43 0.03
829 0.27 0.42
830 0.2 0.19
831 0.27 0.1
832 0.43 0.13
833 0.13 0.24
834 0.37 0.38
835 0.15 0.12
836 0.1 0.3
837 0.33 0.25
838 0.31 0.35
839 0.33 0.41
840 0.37 0.28
841 0.02 0.38
842 0.24 0.37
843 0.13 0.41
844 0.42 0.23
845 0.45 0.36
846 0.41 0.28
847 0.25 0.14
848 0.37 0.14
849 0.15 0.46
850 0.19 0.41
851 0.39 0.16
852 0.38 0.38
853 0.14 0.49
854 0.47 0.41
855 0.14 0.3
856 0.22 0.19
857 0.37 0.35
858 0.02 0.23
859 0.16 0.41
860 0.43 0.05
861 0.49 0.09
862 0.13 0.41
863 0.29 0.44
864 0.38 0.38
865 0.26 0.25
866 0.36 0.22
867 0.36 0.14
868 0.37 0.14
869 0.21 0.34
870 0.34 0.32
871 0.13 0.29
872 0.49 0.12
873 0.23 0.13
874 0.19 0.26
875 0.25 0.42
876 0.43 0.26
877 0.02 0.38
878 0.32 0.45
879 0.44 0.26
880 0.32 0.42
881 0.21 0.23
882 0.2 0.05
883 0.08 0.07
884 0.33 0.03
885 0.18 0.09
886 0.42 0.29
887 0.25 0.06
888 0.37 0.4
889 0.19 0.31
890 0.34 0.35
891 0.09 0.41
892 0.32 0.09
893 0.09 0.42
894 0.28 0.32
895 0.06 0.35
896 0.43 0.18
897 0.5 0.05
898 0.21 0.49
899 0.26 0.29
900 0.06 0.31
901 0.2 0.47
902 0.45 0.49
903 0.09 0.18
904 0.07 0.5
905 0.19 0.45
906 0.43 0.25
907 0.26 0.44
908 0.45 0.13
909 0.3 0.5
910 0.23 0.39
911 0.28 0.18
912 0.49 0.23
913 0.25 0.45
914 0.07 0.02
915 0.43 0.43
916 0.2 0.2
917 0.16 0.07
918 0.03 0.29
919 0.15 0.13
920 0.11 0.14
921 0.35 0.45
922 0.05 0.2
923 0.49 0.38
924 0.4 0.24
925 0.08 0.38
926 0.29 0.33
927 0.4 0.25
928 0.18 0.45
929 0.05 0.3
930 0.28 0.41
931 0.38 0.49
932 0.46 0.47
933 0.49 0.33
934 0.37 0.37
935 0.45 0.37
936 0.15 0.37
937 0.03 0.2
938 0.19 0.13
939 0.32 0.1
940 0.43 0.33
941 0.08 0.44
942 0.29 0.48
943 0.23 0.4
944 0.17 0.3
945 0.09 0.16
946 0.22 0.49
947 0.25 0.11
948 0.34 0.37
949 0.3 0.07
950 0.33 0.11
951 0.2 0.3
952 0.25 0.08
953 0.35 0.29
954 0.02 0.2
955 0.38 0.04
956 0.2 0.18
957 0.02 0.28
958 0.26 0.05
959 0.22 0.02
960 0.49 0.07
961 0.34 0.4
962 0.29 0.1
963 0.11 0.41
964 0.3 0.44
965 0.4 0.4
966 0.15 0.02
967 0.37 0.5
968 0.02 0.18
969 0.48 0.14
970 0.05 0.45
971 0.12 0.42
972 0.25 0.15
973 0.32 0.26
974 0.1 0.23
975 0.07 0.2
976 0.32 0.13
977 0.16 0.24
978 0.47 0.15
979 0.29 0.07
980 0.39 0.39
981 0.25 0.46
982 0.13 0.35
983 0.2 0.27
984 0.41 0.32
985 0.14 0.18
986 0.28 0.08
987 0.37 0.42
988 0.29 0.11
989 0.29 0.48
990 0.14 0.29
991 0.11 0.35
992 0.06 0.47
993 0.36 0.43
994 0.47 0.28
995 0.33 0.3
996 0.3 0.5
997 0.13 0.31
998 0.29 0.36
999 0.17 0.41
