1000
0 0.31 0.33
1 0.19 0.48
2 0.14 0.34
3 0.03 0.1
4 0.14 0.04
5 0.4 0.48
6 0.46 0.39
7 0.01 0.32
8 0.44 0.02
9 0.36 0.11
10 0.41 0.17
11 0.33 0.04
12 0.22 0.34
13 0.22 0.12
14 0.05 0.25
15 0.27 0.1
16 0.02 0.18
17 0.33 0.13
18 0.37 0.2
19 0.09 0.11
20 0.07 0.23
21 0.3 0.11
22 0.07 0.07
23 0.46 0.06
24 0.04 0.26
25 0.47 0.42
26 0.26 0.49
27 0.05 0.39
28 0.37 0.27
29 0.33 0.15
30 0.02 0.3
31 0.12 0.3
32 0.02 0.11
33 0.47 0.14
34 0.5 0.47
35 0.13 0.3
36 0.49 0.21
37 0.26 0.36
38 0.16 0.35
39 0.05 0.47
40 0.4 0.19
41 0.2 0.17
42 0.23 0.48
43 0.45 0.37
44 0.48 0.35
45 0.11 0.05
46 0.11 0.12
47 0.49 0.15
48 0.06 0.42
49 0.44 0.08
50 0.11 0.34
51 0.26 0.21
52 0.39 0.33
53 0.29 0.27
54 0.12 0.36
55 0.46 0.14
56 0.35 0.19
57 0.27 0.18
58 0.19 0.2
59 0.29 0.03
60 0.14 0.25
61 0.11 0.35
62 0.15 0.49
63 0.03 0.34
64 0.28 0.44
65 0.2 0.07
66 0.3 0.15
67 0.46 0.2
68 0.45 0.42
69 0.09 0.27
70 0.05 0.35
71 0.19 0.09
72 0.35 0.04
73 0.3 0.22
74 0.02 0.37
75 0.03 0.41
76 0.29 0.39
77 0.5 0.39
78 0.08 0.47
79 0.37 0.46
80 0.36 0.27
81 0.31 0.25
82 0.12 0.28
83 0.21 0.03
84 0.11 0.18
85 0.46 0.13
86 0.46 0.45
87 0.04 0.34
88 0.2 0.47
89 0.11 0.14
90 0.31 0.46
91 0.09 0.42
92 0.48 0.17
93 0.03 0.34
94 0.2 0.21
95 0.04 0.11
96 0.48 0.43
97 0.39 0.33
98 0.37 0.3
99 0.32 0.16
100 0.03 0.05
101 0.37 0.08
102 0.44 0.41
103 0.19 0.35
104 0.41 0.35
105 0.42 0.13
106 0.09 0.44
107 0.45 0.11
108 0.25 0.14
109 0.42 0.38
110 0.28 0.38
111 0.33 0.36
112 0.23 0.45
113 0.42 0.35
114 0.41 0.29
115 0.46 0.38
116 0.31 0.44
117 0.2 0.17
118 0.4 0.4
119 0.29 0.31
120 0.43 0.39
121 0.02 0.33
122 0.23 0.14
123 0.45 0.18
124 0.37 0.04
125 0.04 0.03
126 0.43 0.07
127 0.46 0.23
128 0.33 0.06
129 0.34 0.38
130 0.34 0.1
131 0.42 0.2
132 0.06 0.2
133 0.36 0.31
134 0.39 0.18
135 0.33 0.16
136 0.37 0.27
137 0.06 0.46
138 0.06 0.4
139 0.45 0.12
140 0.04 0.06
141 0.02 0.41
142 0.34 0.43
143 0.05 0.3
144 0.19 0.35
145 0.16 0.12
146 0.39 0.34
147 0.48 0.34
148 0.12 0.41
149 0.31 0.41
150 0.22 0.1
151 0.32 0.3
152 0.16 0.24
153 0.02 0.16
154 0.24 0.05
155 0.14 0.26
156 0.27 0.16
157 0.44 0.1
158 0.07 0.38
159 0.36 0.34
160 0.13 0.06
161 0.15 0.34
162 0.01 0.28
163 0.42 0.4
164 0.29 0.45
165 0.04 0.29
166 0.38 0.31
167 0.08 0.39
168 0.08 0.37
169 0.23 0.14
170 0.32 0.07
171 0.36 0.27
172 0.09 0.38
173 0.42 0.38
174 0.03 0.02
175 0.14 0.49
176 0.25 0.37
177 0.38 0.18
178 0.23 0.28
179 0.24 0.1
180 0.13 0.25
181 0.18 0.15
182 0.48 0.35
183 0.05 0.22
184 0.03 0.05
185 0.11 0.11
186 0.05 0.47
187 0.24 0.48
188 0.06 0.39
189 0.05 0.24
190 0.07 0.2
191 0.33 0.39
192 0.27 0.2
193 0.01 0.49
194 0.42 0.3
195 0.26 0.28
196 0.44 0.02
197 0.46 0.38
198 0.2 0.08
199 0.38 0.34
200 0.3 0.41
201 0.12 0.38
202 0.06 0.33
203 0.23 0.26
204 0.34 0.22
205 0.42 0.28
206 0.43 0.19
207 0.23 0.14
208 0.15 0.36
209 0.49 0.38
210 0.33 0.23
211 0.36 0.1
212 0.44 0.48
213 0.39 0.41
214 0.14 0.07
215 0.39 0.12
216 0.19 0.14
217 0.41 0.25
218 0.21 0.41
219 0.4 0.21
220 0.21 0.15
221 0.03 0.34
222 0.07 0.04
223 0.49 0.11
224 0.17 0.32
225 0.32 0.02
226 0.18 0.28
227 0.28 0.28
228 0.09 0.46
229 0.3 0.2
230 0.36 0.13
231 0.19 0.16
232 0.11 0.28
233 0.2 0.03
234 0.32 0.48
235 0.32 0.19
236 0.28 0.43
237 0.37 0.47
238 0.44 0.11
239 0.09 0.1
240 0.44 0.38
241 0.07 0.5
242 0.28 0.17
243 0.17 0.3
244 0.43 0.42
245 0.36 0.15
246 0.31 0.2
247 0.32 0.44
248 0.33 0.02
249 0.37 0.12
250 0.12 0.15
251 0.17 0.42
252 0.05 0.04
253 0.24 0.19
254 0.24 0.09
255 0.1 0.26
256 0.32 0.06
257 0.33 0.3
258 0.47 0.18
259 0.42 0.3
260 0.11 0.28
261 0.21 0.43
262 0.35 0.36
263 0.21 0.41
264 0.06 0.28
265 0.33 0.39
266 0.2 0.27
267 0.37 0.11
268 0.44 0.07
269 0.03 0.13
270 0.01 0.13
271 0.42 0.31
272 0.5 0.3
273 0.12 0.24
274 0.37 0.35
275 0.46 0.16
276 0.15 0.26
277 0.17 0.5
278 0.31 0.1
279 0.03 0.14
280 0.36 0.16
281 0.27 0.05
282 0.33 0.31
283 0.06 0.04
284 0.24 0.33
285 0.19 0.1
286 0.17 0.35
287 0.27 0.31
288 0.27 0.19
289 0.19 0.19
290 0.22 0.31
291 0.1 0.43
292 0.2 0.41
293 0.23 0.29
294 0.24 0.17
295 0.19 0.2
296 0.19 0.2
297 0.06 0.43
298 0.08 0.2
299 0.01 0.36
300 0.38 0.36
301 0.18 0.14
302 0.48 0.33
303 0.27 0.09
304 0.04 0.22
305 0.05 0.1
306 0.07 0.42
307 0.27 0.03
308 0.12 0.36
309 0.44 0.37
310 0.26 0.38
311 0.04 0.32
312 0.1 0.09
313 0.08 0.45
314 0.02 0.09
315 0.49 0.02
316 0.38 0.39
317 0.27 0.18
318 0.11 0.26
319 0.05 0.16
320 0.14 0.22
321 0.24 0.36
322 0.08 0.28
323 0.13 0.26
324 0.37 0.07
325 0.3 0.39
326 0.19 0.11
327 0.5 0.09
328 0.23 0.33
329 0.42 0.45
330 0.02 0.43
331 0.36 0.47
332 0.02 0.28
333 0.3 0.23
334 0.41 0.4
335 0.04 0.16
336 0.03 0.22
337 0.15 0.1
338 0.23 0.18
339 0.34 0.4
340 0.06 0.4
341 0.49 0.28
342 0.13 0.37
343 0.3 0.21
344 0.13 0.18
345 0.45 0.06
346 0.11 0.07
347 0.24 0.18
348 0.39 0.36
349 0.03 0.34
350 0.36 0.04
351 0.15 0.43
352 0.32 0.14
353 0.1 0.45
354 0.04 0.21
355 0.41 0.43
356 0.45 0.3
357 0.37 0.46
358 0.16 0.17
359 0.41 0.24
360 0.29 0.41
361 0.09 0.14
362 0.15 0.02
363 0.03 0.26
364 0.47 0.43
365 0.4 0.31
366 0.27 0.16
367 0.47 0.38
368 0.26 0.36
369 0.48 0.3
370 0.34 0.32
371 0.44 0.21
372 0.16 0.26
373 0.46 0.03
374 0.33 0.34
375 0.46 0.15
376 0.31 0.21
377 0.24 0.3
378 0.26 0.06
379 0.03 0.08
380 0.22 0.14
381 0.26 0.41
382 0.11 0.49
383 0.33 0.22
384 0.38 0.14
385 0.42 0.33
386 0.25 0.18
387 0.15 0.3
388 0.44 0.45
389 0.16 0.38
390 0.04 0.36
391 0.03 0.16
392 0.43 0.12
393 0.35 0.17
394 0.45 0.31
395 0.44 0.22
396 0.24 0.26
397 0.32 0.48
398 0.39 0.27
399 0.11 0.03
400 0.27 0.05
401 0.31 0.06
402 0.03 0.11
403 0.15 0.35
404 0.39 0.31
405 0.23 0.04
406 0.17 0.11
407 0.29 0.04
408 0.04 0.44
409 0.26 0.25
410 0.1 0.1
411 0.11 0.32
412 0.29 0.05
413 0.42 0.28
414 0.38 0.3
415 0.43 0.49
416 0.27 0.3
417 0.01 0.23
418 0.31 0.48
419 0.21 0.36
420 0.19 0.28
421 0.1 0.26
422 0.17 0.09
423 0.11 0.37
424 0.17 0.33
425 0.33 0.45
426 0.34 0.5
427 0.43 0.13
428 0.5 0.16
429 0.45 0.16
430 0.23 0.32
431 0.19 0.38
432 0.35 0.47
433 0.49 0.02
434 0.36 0.29
435 0.1 0.22
436 0.38 0.16
437 0.34 0.28
438 0.36 0.49
439 0.18 0.12
440 0.06 0.04
441 0.26 0.4
442 0.38 0.44
443 0.02 0.48
444 0.2 0.34
445 0.26 0.39
446 0.03 0.37
447 0.08 0.37
448 0.27 0.08
449 0.28 0.13
450 0.18 0.43
451 0.35 0.4
452 0.36 0.13
453 0.25 0.2
454 0.37 0.14
455 0.04 0.27
456 0.04 0.11
457 0.07 0.08
458 0.11 0.27
459 0.29 0.41
460 0.35 0.17
461 0.09 0.23
462 0.11 0.34
463 0.37 0.38
464 0.36 0.15
465 0.44 0.32
466 0.21 0.31
467 0.48 0.46
468 0.37 0.02
469 0.29 0.02
470 0.03 0.1
471 0.33 0.04
472 0.41 0.09
473 0.34 0.45
474 0.02 0.12
475 0.5 0.33
476 0.09 0.32
477 0.12 0.19
478 0.34 0.23
479 0.34 0.03
480 0.33 0.45
481 0.07 0.05
482 0.44 0.09
483 0.02 0.06
484 0.18 0.19
485 0.33 0.07
486 0.37 0.25
487 0.4 0.43
488 0.21 0.03
489 0.22 0.28
490 0.15 0.23
491 0.44 0.47
492 0.18 0.23
493 0.41 0.27
494 0.39 0.46
495 0.1 0.01
496 0.37 0.12
497 0.12 0.33
498 0.15 0.15
499 0.28 0.23
500 0.02 0.28
501 0.11 0.12
502 0.14 0.49
503 0.14 0.33
504 0.39 0.03
505 0.42 0.08
506 0.32 0.01
507 0.01 0.11
508 0.07 0.08
509 0.34 0.13
510 0.32 0.27
511 0.1 0.34
512 0.31 0.11
513 0.38 0.33
514 0.33 0.28
515 0.45 0.34
516 0.17 0.14
517 0.12 0.4
518 0.16 0.01
519 0.4 0.27
520 0.19 0.25
521 0.17 0.05
522 0.4 0.15
523 0.37 0.24
524 0.26 0.13
525 0.04 0.3
526 0.33 0.36
527 0.47 0.33
528 0.45 0.38
529 0.07 0.33
530 0.37 0.05
531 0.26 0.18
532 0.1 0.49
533 0.11 0.23
534 0.05 0.04
535 0.07 0.38
536 0.16 0.41
537 0.27 0.31
538 0.1 0.25
539 0.09 0.33
540 0.45 0.49
541 0.14 0.17
542 0.5 0.23
543 0.46 0.12
544 0.31 0.13
545 0.3 0.31
546 0.05 0.03
547 0.25 0.05
548 0.23 0.12
549 0.18 0.31
550 0.04 0.34
551 0.22 0.27
552 0.48 0.36
553 0.15 0.15
554 0.32 0.19
555 0.47 0.02
556 0.42 0.43
557 0.06 0.14
558 0.35 0.25
559 0.11 0.49
560 0.09 0.43
561 0.07 0.27
562 0.29 0.32
563 0.13 0.11
564 0.22 0.38
565 0.15 0.13
566 0.26 0.05
567 0.36 0.36
568 0.45 0.4
569 0.08 0.35
570 0.38 0.32
571 0.29 0.49
572 0.13 0.2
573 0.24 0.02
574 0.14 0.46
575 0.41 0.3
576 0.23 0.13
577 0.04 0.47
578 0.37 0.29
579 0.18 0.13
580 0.48 0.19
581 0.19 0.15
582 0.36 0.29
583 0.49 0.44
584 0.41 0.04
585 0.38 0.48
586 0.12 0.29
587 0.31 0.44
588 0.11 0.42
589 0.04 0.47
590 0.48 0.44
591 0.21 0.13
592 0.3 0.12
593 0.35 0.28
594 0.2 0.05
595 0.22 0.28
596 0.32 0.38
597 0.2 0.36
598 0.09 0.35
599 0.3 0.28
600 0.27 0.17
601 0.48 0.38
602 0.27 0.02
603 0.24 0.28
604 0.39 0.36
605 0.12 0.21
606 0.15 0.08
607 0.24 0.15
608 0.31 0.36
609 0.32 0.33
610 0.24 0.24
611 0.1 0.29
612 0.05 0.14
613 0.19 0.1
614 0.15 0.29
615 0.28 0.23
616 0.34 0.32
617 0.4 0.42
618 0.15 0.26
619 0.35 0.29
620 0.33 0.3
621 0.24 0.18
622 0.04 0.14
623 0.03 0.04
624 0.03 0.23
625 0.23 0.34
626 0.43 0.32
627 0.36 0.3
628 0.45 0.5
629 0.03 0.12
630 0.35 0.43
631 0.23 0.06
632 0.04 0.45
633 0.25 0.09
634 0.18 0.06
635 0.17 0.43
636 0.05 0.12
637 0.3 0.49
638 0.37 0.01
639 0.18 0.42
640 0.4 0.24
641 0.24 0.17
642 0.09 0.29
643 0.41 0.38
644 0.22 0.11
645 0.47 0.15
646 0.34 0.16
647 0.32 0.08
648 0.03 0.25
649 0.46 0.06
650 0.42 0.38
651 0.26 0.24
652 0.25 0.26
653 0.2 0.34
654 0.14 0.09
655 0.05 0.05
656 0.11 0.27
657 0.3 0.26
658 0.4 0.43
659 0.19 0.04
660 0.3 0.44
661 0.42 0.04
662 0.31 0.35
663 0.17 0.5
664 0.09 0.32
665 0.33 0.3
666 0.23 0.4
667 0.06 0.41
668 0.17 0.39
669 0.25 0.24
670 0.5 0.12
671 0.36 0.03
672 0.41 0.46
673 0.46 0.3
674 0.13 0.22
675 0.31 0.4
676 0.28 0.42
677 0.5 0.22
678 0.1 0.36
679 0.37 0.24
680 0.24 0.5
681 0.15 0.35
682 0.01 0.44
683 0.04 0.01
684 0.06 0.35
685 0.08 0.11
686 0.36 0.37
687 0.37 0.34
688 0.21 0.33
689 0.14 0.36
690 0.32 0.21
691 0.16 0.15
692 0.35 0.08
693 0.39 0.44
694 0.34 0.4
695 0.44 0.44
696 0.15 0.16
697 0.04 0.13
698 0.37 0.45
699 0.03 0.22
700 0.37 0.02
701 0.06 0.4
702 0.42 0.36
703 0.3 0.3
704 0.11 0.36
705 0.14 0.17
706 0.39 0.38
707 0.12 0.49
708 0.38 0.25
709 0.09 0.24
710 0.21 0.35
711 0.05 0.46
712 0.31 0.43
713 0.13 0.37
714 0.26 0.18
715 0.2 0.18
716 0.34 0.01
717 0.17 0.16
718 0.29 0.37
719 0.4 0.22
720 0.2 0.47
721 0.39 0.39
722 0.4 0.37
723 0.28 0.49
724 0.3 0.27
725 0.21 0.17
726 0.43 0.36
727 0.2 0.22
728 0.06 0.14
729 0.08 0.09
730 0.18 0.49
731 0.14 0.25
732 0.27 0.21
733 0.47 0.02
734 0.44 0.13
735 0.34 0.37
736 0.42 0.2
737 0.38 0.4
738 0.01 0.25
739 0.32 0.01
740 0.49 0.41
741 0.41 0.35
742 0.21 0.25
743 0.43 0.42
744 0.23 0.38
745 0.27 0.3
746 0.39 0.25
747 0.08 0.39
748 0.12 0.45
749 0.02 0.15
750 0.15 0.06
751 0.25 0.44
752 0.47 0.17
753 0.06 0.47
754 0.01 0.3
755 0.26 0.49
756 0.21 0.05
757 0.42 0.35
758 0.44 0.33
759 0.15 0.02
760 0.21 0.45
761 0.24 0.19
762 0.08 0.31
763 0.42 0.22
764 0.21 0.41
765 0.19 0.09
766 0.3 0.47
767 0.23 0.32
768 0.32 0.36
769 0.46 0.17
770 0.33 0.24
771 0.41 0.35
772 0.36 0.36
773 0.02 0.5
774 0.29 0.41
775 0.31 0.2
776 0.15 0.48
777 0.28 0.17
778 0.44 0.12
779 0.22 0.42
780 0.33 0.01
781 0.01 0.39
782 0.18 0.23
783 0.47 0.02
784 0.07 0.15
785 0.19 0.18
786 0.36 0.27
787 0.46 0.05
788 0.38 0.36
789 0.29 0.35
790 0.26 0.02
791 0.17 0.2
792 0.13 0.43
793 0.17 0.39
794 0.37 0.13
795 0.19 0.35
796 0.44 0.09
797 0.16 0.39
798 0.07 0.33
799 0.16 0.48
800 0.4 0.4
801 0.23 0.39
802 0.03 0.46
803 0.04 0.09
804 0.32 0.14
805 0.04 0.05
806 0.29 0.13
807 0.12 0.11
808 0.3 0.03
809 0.45 0.1
810 0.05 0.39
811 0.23 0.25
812 0.29 0.02
813 0.09 0.35
814 0.39 0.02
815 0.15 0.01
816 0.02 0.02
817 0.44 0.25
818 0.2 0.16
819 0.42 0.15
820 0.08 0.08
821 0.03 0.18
822 0.09 0.29
823 0.21 0.34
824 0.38 0.26
825 0.42 0.22
826 0.33 0.48
827 0.15 0.01
828 0.05 0.08
829 0.24 0.14
830 0.12 0.3
831 0.48 0.08
832 0.22 0.5
833 0.38 0.23
834 0.34 0.08
835 0.02 0.05
836 0.09 0.06
837 0.22 0.33
838 0.36 0.05
839 0.41 0.03
840 0.29 0.44
841 0.02 0.27
842 0.38 0.39
843 0.08 0.45
844 0.47 0.24
845 0.31 0.25
846 0.44 0.23
847 0.2 0.22
848 0.19 0.28
849 0.02 0.01
850 0.33 0.23
851 0.1 0.04
852 0.37 0.35
853 0.15 0.13
854 0.24 0.22
855 0.26 0.13
856 0.2 0.47
857 0.07 0.17
858 0.49 0.48
859 0.41 0.04
860 0.14 0.46
861 0.4 0.21
862 0.36 0.35
863 0.32 0.28
864 0.25 0.44
865 0.26 0.39
866 0.46 0.23
867 0.38 0.11
868 0.25 0.49
869 0.36 0.3
870 0.4 0.36
871 0.18 0.43
872 0.38 0.2
873 0.43 0.37
874 0.16 0.45
875 0.4 0.06
876 0.1 0.12
877 0.22 0.32
878 0.03 0.17
879 0.27 0.2
880 0.42 0.19
881 0.28 0.17
882 0.31 0.47
883 0.35 0.25
884 0.2 0.21
885 0.49 0.09
886 0.17 0.2
887 0.48 0.18
888 0.42 0.17
889 0.17 0.38
890 0.18 0.48
891 0.41 0.41
892 0.17 0.43
893 0.48 0.37
894 0.26 0.24
895 0.48 0.02
896 0.1 0.16
897 0.1 0.29
898 0.37 0.34
899 0.12 0.34
900 0.1 0.23
901 0.19 0.38
902 0.17 0.05
903 0.28 0.04
904 0.22 0.46
905 0.41 0.2
906 0.2 0.48
907 0.25 0.14
908 0.17 0.21
909 0.17 0.08
910 0.49 0.02
911 0.49 0.11
912 0.2 0.18
913 0.45 0.12
914 0.45 0.1
915 0.29 0.45
916 0.22 0.45
917 0.13 0.05
918 0.08 0.33
919 0.33 0.08
920 0.42 0.07
921 0.06 0.28
922 0.29 0.32
923 0.12 0.14
924 0.16 0.02
925 0.34 0.38
926 0.31 0.15
927 0.3 0.06
928 0.33 0.2
929 0.24 0.5
930 0.28 0.09
931 0.33 0.43
932 0.06 0.37
933 0.1 0.31
934 0.28 0.35
935 0.3 0.25
936 0.4 0.05
937 0.18 0.38
938 0.4 0.03
939 0.42 0.37
940 0.07 0.22
941 0.49 0.29
942 0.28 0.38
943 0.42 0.48
944 0.05 0.3
945 0.02 0.33
946 0.34 0.15
947 0.02 0.34
948 0.18 0.05
949 0.21 0.3
950 0.41 0.07
951 0.41 0.43
952 0.25 0.06
953 0.44 0.46
954 0.48 0.09
955 0.11 0.37
956 0.47 0.37
957 0.27 0.48
958 0.04 0.19
959 0.45 0.41
960 0.07 0.15
961 0.32 0.37
962 0.48 0.27
963 0.21 0.29
964 0.18 0.13
965 0.06 0.1
966 0.2 0.26
967 0.11 0.39
968 0.08 0.13
969 0.21 0.26
970 0.48 0.22
971 0.28 0.32
972 0.33 0.12
973 0.05 0.31
974 0.25 0.05
975 0.13 0.18
976 0.07 0.38
977 0.07 0.34
978 0.03 0.27
979 0.07 0.48
980 0.08 0.07
981 0.22 0.09
982 0.11 0.27
983 0.48 0.43
984 0.1 0.17
985 0.15 0.3
986 0.35 0.16
987 0.19 0.1
988 0.22 0.25
989 0.23 0.17
990 0.48 0.34
991 0.19 0.49
992 0.06 0.31
993 0.43 0.33
994 0.37 0.33
995 0.08 0.2
996 0.47 0.1
997 0.38 0.12
998 0.21 0.16
999 0.24 0.34
