653
0 98 0.05
0 87 0.14
0 37 0.11
0 96 0.18
0 63 0.12
0 49 0.06
0 66 0.18
0 15 0.12
1 53 0.10
1 46 0.16
1 32 0.09
1 97 0.07
1 82 0.08
1 27 0.05
1 40 0.20
2 17 0.06
2 16 0.10
2 39 0.10
2 46 0.10
3 10 0.04
3 50 0.10
3 45 0.02
3 8 0.12
4 71 0.17
4 23 0.09
4 59 0.04
4 7 0.03
5 73 0.15
5 76 0.03
5 71 0.17
5 57 0.01
5 66 0.10
6 24 0.08
6 79 0.19
6 60 0.16
6 81 0.07
6 99 0.06
7 3 0.10
7 86 0.19
7 25 0.17
7 97 0.10
7 40 0.13
8 51 0.01
8 49 0.07
8 34 0.16
8 15 0.03
8 14 0.15
9 53 0.13
9 11 0.13
9 19 0.14
9 28 0.19
9 42 0.07
9 78 0.10
9 23 0.03
10 45 0.20
10 58 0.03
10 17 0.04
10 3 0.10
10 25 0.16
10 81 0.11
10 75 0.08
10 15 0.02
10 4 0.19
10 92 0.17
10 60 0.17
10 59 0.14
11 89 0.05
11 84 0.09
11 17 0.04
11 96 0.19
11 63 0.13
11 76 0.04
12 86 0.08
12 85 0.07
12 94 0.07
12 53 0.19
12 48 0.13
12 75 0.06
12 15 0.03
12 4 0.15
12 46 0.20
12 73 0.04
12 59 0.08
12 8 0.10
12 7 0.19
12 11 0.06
13 55 0.04
13 54 0.19
13 26 0.18
13 35 0.03
13 77 0.03
13 76 0.16
13 48 0.18
13 29 0.12
14 13 0.03
14 58 0.18
14 57 0.09
15 30 0.05
15 11 0.13
15 80 0.03
15 37 0.02
15 9 0.18
15 68 0.11
15 22 0.16
16 50 0.09
16 7 0.07
16 82 0.05
16 24 0.02
17 94 0.17
17 39 0.02
17 43 0.13
17 14 0.02
17 45 0.03
18 67 0.19
18 80 0.19
18 61 0.11
18 10 0.15
18 98 0.01
18 83 0.16
18 73 0.10
18 22 0.13
18 49 0.16
19 92 0.12
19 55 0.16
19 82 0.17
19 13 0.08
19 12 0.20
19 77 0.03
19 48 0.10
19 75 0.02
19 34 0.13
19 38 0.18
19 24 0.05
19 33 0.09
19 14 0.03
20 67 0.04
20 29 0.03
20 18 0.18
20 84 0.15
20 77 0.11
20 21 0.07
20 2 0.17
21 59 0.12
21 68 0.03
21 8 0.16
21 82 0.11
21 67 0.03
21 48 0.12
21 52 0.05
21 69 0.06
22 69 0.08
22 59 0.19
22 68 0.15
22 49 0.19
23 84 0.17
23 51 0.10
23 13 0.09
23 40 0.17
24 97 0.15
24 2 0.15
24 99 0.03
24 75 0.04
24 52 0.14
24 29 0.19
24 18 0.10
25 52 0.14
25 92 0.02
25 27 0.11
25 17 0.08
25 7 0.10
25 86 0.05
25 63 0.06
26 33 0.07
26 93 0.18
26 74 0.12
26 82 0.14
26 54 0.17
27 88 0.13
27 74 0.06
27 96 0.09
27 55 0.08
27 82 0.03
27 50 0.05
27 45 0.13
27 90 0.05
27 66 0.18
27 34 0.12
27 29 0.11
28 71 0.18
28 89 0.17
28 24 0.13
28 19 0.11
28 0 0.03
28 4 0.04
28 59 0.10
28 45 0.20
28 31 0.10
29 41 0.04
29 91 0.04
29 99 0.13
29 71 0.17
29 69 0.05
30 0 0.08
30 4 0.13
30 13 0.14
30 93 0.13
30 16 0.19
30 34 0.12
30 33 0.06
30 23 0.04
31 86 0.11
31 48 0.17
31 70 0.05
31 56 0.15
31 32 0.17
31 0 0.05
31 17 0.16
32 82 0.03
32 41 0.07
32 8 0.08
32 3 0.11
32 90 0.10
32 67 0.05
32 80 0.20
32 38 0.14
32 14 0.13
32 88 0.05
33 56 0.15
33 32 0.20
33 49 0.19
33 26 0.12
33 71 0.08
33 89 0.06
33 57 0.18
34 30 0.03
34 91 0.09
34 77 0.05
34 90 0.16
34 89 0.16
34 60 0.07
35 83 0.07
35 71 0.08
35 15 0.16
35 84 0.03
36 48 0.03
36 65 0.14
36 1 0.16
36 40 0.07
36 8 0.01
36 26 0.07
36 44 0.02
37 53 0.09
37 25 0.19
37 1 0.15
37 10 0.19
37 88 0.14
37 74 0.08
37 69 0.12
37 46 0.12
37 73 0.15
38 53 0.11
38 47 0.07
39 89 0.11
39 33 0.06
39 5 0.04
39 97 0.14
39 92 0.13
39 91 0.19
39 11 0.07
40 54 0.20
40 58 0.01
40 66 0.06
40 61 0.11
40 15 0.19
41 23 0.12
41 74 0.09
41 77 0.10
41 54 0.03
41 3 0.08
42 95 0.09
42 5 0.10
42 46 0.14
42 49 0.02
43 55 0.07
43 63 0.06
43 31 0.09
43 39 0.14
43 90 0.08
43 94 0.15
43 33 0.09
43 46 0.11
43 9 0.08
44 19 0.18
44 60 0.18
44 50 0.06
44 25 0.12
45 53 0.13
45 98 0.02
45 79 0.12
45 88 0.16
45 73 0.15
45 31 0.13
45 58 0.19
46 60 0.20
46 35 0.04
46 12 0.14
46 21 0.15
46 39 0.09
46 75 0.01
46 52 0.04
46 32 0.04
47 57 0.19
47 34 0.07
47 43 0.19
47 70 0.02
47 29 0.13
47 33 0.01
47 0 0.05
47 69 0.03
47 64 0.03
47 59 0.14
47 45 0.06
47 31 0.18
47 35 0.19
47 11 0.19
47 95 0.11
47 99 0.03
48 57 0.04
48 27 0.07
48 8 0.18
48 92 0.19
49 84 0.06
49 12 0.16
49 16 0.09
49 62 0.13
49 89 0.19
49 61 0.06
49 47 0.07
49 5 0.14
50 90 0.03
50 56 0.18
50 23 0.13
50 83 0.02
50 45 0.17
51 86 0.14
51 12 0.14
51 25 0.19
51 89 0.07
51 52 0.15
51 79 0.17
51 23 0.09
51 18 0.05
52 46 0.06
52 0 0.02
52 78 0.09
52 54 0.06
52 12 0.18
52 34 0.10
52 29 0.15
53 11 0.05
53 99 0.12
53 80 0.03
53 57 0.12
53 43 0.09
53 78 0.09
53 64 0.17
53 68 0.18
54 88 0.13
54 13 0.13
54 48 0.14
54 75 0.11
54 70 0.13
54 42 0.07
55 66 0.04
55 46 0.06
55 14 0.15
55 86 0.16
55 31 0.20
55 67 0.15
55 12 0.02
55 34 0.10
55 99 0.17
55 76 0.04
55 62 0.09
56 20 0.17
56 95 0.13
56 90 0.06
56 53 0.07
56 34 0.18
56 55 0.13
56 82 0.12
56 68 0.05
56 27 0.09
57 77 0.07
57 36 0.03
57 45 0.16
57 89 0.13
58 43 0.13
58 28 0.06
58 5 0.07
58 8 0.15
58 83 0.19
58 36 0.19
59 64 0.19
59 41 0.07
59 13 0.10
59 95 0.16
59 4 0.11
60 32 0.05
60 17 0.04
60 20 0.11
60 80 0.20
60 84 0.17
60 29 0.12
62 64 0.05
62 3 0.11
62 30 0.04
62 38 0.13
62 33 0.20
62 18 0.06
63 93 0.17
63 97 0.07
63 87 0.13
63 45 0.04
63 58 0.11
63 39 0.10
64 81 0.14
64 79 0.12
64 24 0.11
64 82 0.14
64 59 0.13
65 68 0.07
65 45 0.04
65 35 0.20
65 12 0.12
65 57 0.19
65 37 0.14
65 46 0.10
66 15 0.06
66 24 0.04
66 79 0.12
66 83 0.12
66 87 0.13
66 96 0.15
66 77 0.13
66 6 0.10
66 91 0.12
66 76 0.12
67 40 0.04
67 3 0.10
67 11 0.17
67 74 0.03
68 88 0.17
68 12 0.06
68 2 0.06
68 1 0.07
68 71 0.05
68 61 0.18
69 1 0.08
69 85 0.02
69 89 0.02
69 98 0.07
69 42 0.02
69 10 0.11
69 19 0.15
69 97 0.12
69 92 0.12
70 82 0.13
70 54 0.07
70 7 0.06
70 95 0.10
70 99 0.09
70 76 0.16
70 85 0.16
70 23 0.05
70 83 0.15
70 69 0.11
71 4 0.04
71 36 0.06
71 43 0.13
72 80 0.06
72 79 0.16
72 92 0.15
72 63 0.19
72 49 0.17
72 30 0.18
72 39 0.08
73 55 0.15
73 1 0.07
73 99 0.05
73 84 0.17
73 97 0.01
74 97 0.12
74 59 0.18
74 39 0.02
74 90 0.12
74 62 0.07
75 35 0.19
75 43 0.11
75 29 0.18
75 23 0.06
75 92 0.19
75 55 0.09
75 64 0.06
75 36 0.06
76 92 0.07
76 44 0.07
76 2 0.12
76 10 0.07
76 89 0.12
76 93 0.03
77 75 0.12
77 38 0.13
77 23 0.07
77 88 0.02
77 83 0.05
77 69 0.07
77 59 0.14
77 31 0.04
77 44 0.01
77 21 0.12
77 2 0.07
77 11 0.04
77 10 0.05
78 58 0.02
78 39 0.19
78 94 0.11
78 98 0.01
78 56 0.07
78 33 0.03
79 93 0.20
79 83 0.01
79 85 0.07
80 8 0.12
80 50 0.06
80 17 0.17
80 12 0.09
81 87 0.15
81 1 0.16
81 57 0.05
81 52 0.06
81 33 0.07
81 46 0.20
81 5 0.05
81 4 0.20
82 60 0.04
82 2 0.10
82 71 0.10
82 48 0.20
83 62 0.10
83 29 0.12
83 93 0.18
83 64 0.12
84 88 0.04
84 15 0.10
84 76 0.14
84 61 0.18
84 46 0.18
85 65 0.05
85 5 0.11
85 92 0.04
85 82 0.16
85 40 0.08
85 12 0.12
85 6 0.10
85 90 0.04
86 21 0.18
86 54 0.11
86 2 0.03
86 90 0.06
86 57 0.11
86 52 0.09
86 32 0.03
86 27 0.11
86 97 0.03
87 36 0.16
87 21 0.10
87 39 0.16
87 99 0.04
87 76 0.12
87 71 0.13
87 66 0.11
87 5 0.14
88 99 0.03
88 71 0.10
88 80 0.12
88 18 0.15
88 83 0.12
88 60 0.08
88 58 0.13
88 12 0.13
88 6 0.12
89 45 0.14
89 54 0.18
89 63 0.03
89 44 0.07
89 3 0.01
89 85 0.20
89 94 0.17
89 80 0.17
89 4 0.03
90 24 0.13
90 41 0.09
90 40 0.02
90 26 0.08
90 7 0.01
90 80 0.02
90 48 0.17
91 7 0.16
91 1 0.08
91 60 0.16
91 46 0.17
91 3 0.19
91 83 0.07
91 96 0.06
91 77 0.12
92 41 0.02
92 2 0.05
92 89 0.07
92 57 0.18
92 84 0.04
93 92 0.03
93 72 0.06
93 84 0.11
94 20 0.16
94 6 0.08
94 85 0.11
95 4 0.05
95 81 0.05
95 14 0.03
96 95 0.01
96 46 0.14
96 91 0.07
96 26 0.08
97 48 0.10
97 20 0.05
97 42 0.17
97 23 0.18
97 22 0.15
97 69 0.06
97 54 0.11
98 64 0.19
98 45 0.18
98 81 0.10
98 53 0.09
98 88 0.16
98 28 0.20
99 71 0.18
99 19 0.13
99 5 0.08
99 0 0.04
99 8 0.20
99 63 0.13
