0 0.43 0.43
1 0.48 0.24
2 0.03 0.22
3 0.03 0.02
4 0.24 0.34
5 0.29 0.3
6 0.05 0.28
7 0.25 0.4
8 0.43 0.13
9 0.48 0.47
10 0.31 0.17
11 0.21 0.45
12 0.45 0.46
13 0.42 0.08
14 0.26 0.03
15 0.09 0.48
16 0.46 0.16
17 0.25 0.2
18 0.14 0.23
19 0.28 0.43
20 0.3 0.44
21 0.26 0.37
22 0.34 0.27
23 0.42 0.28
24 0.07 0.34
25 0.19 0.26
26 0.19 0.01
27 0.03 0.44
28 0.17 0.35
29 0.36 0.11
30 0.1 0.29
31 0.31 0.12
32 0.02 0.06
33 0.01 0.46
34 0.22 0.36
35 0.13 0.2
36 0.42 0.12
37 0.23 0.22
38 0.41 0.35
39 0.39 0.07
40 0.06 0.2
41 0.31 0.04
42 0.26 0.41
43 0.36 0.5
44 0.38 0.44
45 0.08 0.26
46 0.08 0.31
47 0.48 0.19
48 0.11 0.16
49 0.47 0.36
50 0.46 0.39
51 0.3 0.23
52 0.49 0.48
53 0.46 0.14
54 0.29 0.41
55 0.46 0.38
56 0.24 0.2
57 0.05 0.07
58 0.03 0.33
59 0.41 0.19
60 0.39 0.48
61 0.14 0.43
62 0.44 0.22
63 0.38 0.02
64 0.29 0.36
65 0.48 0.3
66 0.28 0.37
67 0.39 0.28
68 0.4 0.46
69 0.17 0.3
70 0.49 0.32
71 0.16 0.13
72 0.29 0.29
73 0.21 0.36
74 0.14 0.23
75 0.15 0.2
76 0.27 0.03
77 0.45 0.32
78 0.07 0.2
79 0.17 0.15
80 0.25 0.5
81 0.32 0.04
82 0.24 0.22
83 0.16 0.41
84 0.39 0.44
85 0.49 0.37
86 0.16 0.49
87 0.48 0.5
88 0.08 0.34
89 0.06 0.16
90 0.22 0.12
91 0.29 0.34
92 0.28 0.01
93 0.29 0.15
94 0.37 0.46
95 0.24 0.2
96 0.29 0.47
97 0.42 0.27
98 0.2 0.26
99 0.08 0.3
