1000
0 0.13 0.23
1 0.04 0.33
2 0.1 0.26
3 0.37 0.41
4 0.3 0.13
5 0.25 0.3
6 0.16 0.08
7 0.24 0.14
8 0.07 0.22
9 0.3 0.22
10 0.12 0.38
11 0.03 0.25
12 0.46 0.4
13 0.39 0.27
14 0.32 0.46
15 0.16 0.2
16 0.16 0.05
17 0.44 0.22
18 0.15 0.38
19 0.3 0.36
20 0.31 0.19
21 0.4 0.46
22 0.48 0.48
23 0.21 0.12
24 0.16 0.17
25 0.25 0.2
26 0.09 0.36
27 0.12 0.01
28 0.37 0.05
29 0.17 0.18
30 0.04 0.08
31 0.4 0.46
32 0.42 0.13
33 0.39 0.48
34 0.15 0.24
35 0.08 0.27
36 0.46 0.27
37 0.24 0.22
38 0.33 0.05
39 0.23 0.39
40 0.04 0.44
41 0.09 0.14
42 0.24 0.02
43 0.04 0.21
44 0.12 0.12
45 0.09 0.2
46 0.39 0.18
47 0.03 0.08
48 0.27 0.23
49 0.49 0.04
50 0.47 0.49
51 0.34 0.22
52 0.34 0.16
53 0.27 0.42
54 0.49 0.23
55 0.43 0.03
56 0.29 0.32
57 0.22 0.37
58 0.45 0.1
59 0.26 0.42
60 0.08 0.08
61 0.41 0.25
62 0.07 0.4
63 0.36 0.13
64 0.38 0.14
65 0.36 0.29
66 0.01 0.19
67 0.45 0.2
68 0.41 0.14
69 0.28 0.03
70 0.31 0.13
71 0.09 0.36
72 0.32 0.24
73 0.21 0.21
74 0.36 0.36
75 0.05 0.19
76 0.44 0.23
77 0.13 0.24
78 0.17 0.05
79 0.07 0.18
80 0.1 0.34
81 0.4 0.25
82 0.35 0.14
83 0.47 0.14
84 0.36 0.09
85 0.22 0.46
86 0.05 0.45
87 0.47 0.3
88 0.07 0.48
89 0.01 0.4
90 0.42 0.21
91 0.34 0.46
92 0.38 0.2
93 0.36 0.41
94 0.2 0.05
95 0.29 0.3
96 0.3 0.45
97 0.36 0.33
98 0.33 0.4
99 0.22 0.26
100 0.3 0.17
101 0.25 0.46
102 0.21 0.34
103 0.37 0.21
104 0.47 0.14
105 0.03 0.35
106 0.43 0.49
107 0.19 0.06
108 0.34 0.08
109 0.28 0.33
110 0.42 0.2
111 0.16 0.08
112 0.14 0.46
113 0.29 0.48
114 0.27 0.06
115 0.09 0.44
116 0.02 0.28
117 0.04 0.39
118 0.18 0.1
119 0.25 0.27
120 0.18 0.45
121 0.49 0.11
122 0.11 0.03
123 0.37 0.19
124 0.23 0.06
125 0.24 0.05
126 0.15 0.48
127 0.29 0.22
128 0.43 0.33
129 0.38 0.09
130 0.35 0.13
131 0.1 0.08
132 0.18 0.47
133 0.39 0.3
134 0.37 0.5
135 0.49 0.42
136 0.1 0.34
137 0.07 0.25
138 0.46 0.09
139 0.28 0.38
140 0.1 0.31
141 0.27 0.42
142 0.31 0.36
143 0.46 0.04
144 0.08 0.2
145 0.06 0.25
146 0.11 0.4
147 0.01 0.13
148 0.27 0.32
149 0.2 0.18
150 0.3 0.21
151 0.22 0.32
152 0.03 0.36
153 0.04 0.19
154 0.48 0.46
155 0.03 0.27
156 0.34 0.02
157 0.46 0.29
158 0.02 0.08
159 0.44 0.47
160 0.09 0.1
161 0.22 0.48
162 0.14 0.1
163 0.01 0.29
164 0.17 0.02
165 0.02 0.42
166 0.37 0.37
167 0.14 0.47
168 0.44 0.06
169 0.25 0.46
170 0.33 0.33
171 0.12 0.19
172 0.11 0.04
173 0.09 0.27
174 0.18 0.19
175 0.04 0.22
176 0.05 0.35
177 0.14 0.21
178 0.29 0.2
179 0.37 0.04
180 0.45 0.05
181 0.07 0.29
182 0.08 0.42
183 0.36 0.11
184 0.09 0.08
185 0.1 0.37
186 0.14 0.33
187 0.45 0.47
188 0.47 0.09
189 0.01 0.13
190 0.46 0.03
191 0.47 0.13
192 0.25 0.09
193 0.18 0.49
194 0.45 0.29
195 0.37 0.43
196 0.25 0.28
197 0.02 0.39
198 0.4 0.41
199 0.31 0.38
200 0.17 0.03
201 0.14 0.21
202 0.21 0.31
203 0.44 0.04
204 0.45 0.27
205 0.12 0.16
206 0.45 0.36
207 0.46 0.41
208 0.5 0.44
209 0.47 0.17
210 0.19 0.2
211 0.44 0.35
212 0.07 0.2
213 0.33 0.24
214 0.13 0.09
215 0.26 0.33
216 0.23 0.29
217 0.25 0.25
218 0.4 0.23
219 0.42 0.14
220 0.36 0.41
221 0.48 0.28
222 0.07 0.23
223 0.15 0.37
224 0.17 0.14
225 0.25 0.49
226 0.05 0.05
227 0.34 0.21
228 0.38 0.49
229 0.33 0.44
230 0.43 0.06
231 0.37 0.08
232 0.24 0.31
233 0.32 0.04
234 0.29 0.28
235 0.12 0.46
236 0.15 0.08
237 0.35 0.07
238 0.46 0.21
239 0.27 0.2
240 0.07 0.44
241 0.23 0.2
242 0.03 0.06
243 0.49 0.24
244 0.38 0.34
245 0.02 0.47
246 0.4 0.33
247 0.05 0.37
248 0.18 0.29
249 0.01 0.48
250 0.36 0.3
251 0.17 0.5
252 0.35 0.08
253 0.4 0.26
254 0.14 0.18
255 0.41 0.3
256 0.39 0.06
257 0.42 0.42
258 0.02 0.41
259 0.36 0.46
260 0.22 0.03
261 0.22 0.35
262 0.31 0.32
263 0.41 0.15
264 0.21 0.35
265 0.31 0.23
266 0.38 0.14
267 0.34 0.12
268 0.24 0.09
269 0.48 0.24
270 0.28 0.4
271 0.01 0.24
272 0.33 0.21
273 0.25 0.25
274 0.3 0.47
275 0.15 0.11
276 0.45 0.16
277 0.36 0.43
278 0.23 0.22
279 0.42 0.16
280 0.09 0.3
281 0.14 0.48
282 0.43 0.02
283 0.42 0.04
284 0.35 0.13
285 0.11 0.12
286 0.41 0.12
287 0.36 0.02
288 0.43 0.28
289 0.27 0.29
290 0.25 0.02
291 0.4 0.03
292 0.05 0.16
293 0.08 0.25
294 0.06 0.39
295 0.2 0.22
296 0.12 0.35
297 0.02 0.14
298 0.13 0.12
299 0.25 0.31
300 0.45 0.01
301 0.11 0.39
302 0.3 0.11
303 0.21 0.23
304 0.08 0.2
305 0.44 0.29
306 0.35 0.11
307 0.46 0.12
308 0.22 0.34
309 0.29 0.27
310 0.12 0.34
311 0.42 0.14
312 0.4 0.05
313 0.24 0.49
314 0.17 0.26
315 0.45 0.49
316 0.15 0.38
317 0.27 0.34
318 0.39 0.19
319 0.29 0.03
320 0.28 0.25
321 0.19 0.2
322 0.27 0.42
323 0.3 0.41
324 0.47 0.49
325 0.46 0.39
326 0.08 0.37
327 0.03 0.46
328 0.12 0.4
329 0.17 0.43
330 0.19 0.27
331 0.02 0.38
332 0.32 0.41
333 0.38 0.48
334 0.06 0.26
335 0.38 0.06
336 0.41 0.32
337 0.1 0.38
338 0.48 0.49
339 0.09 0.24
340 0.33 0.3
341 0.41 0.28
342 0.12 0.32
343 0.46 0.27
344 0.33 0.24
345 0.26 0.45
346 0.06 0.2
347 0.05 0.31
348 0.03 0.1
349 0.37 0.34
350 0.33 0.14
351 0.33 0.21
352 0.32 0.07
353 0.29 0.4
354 0.01 0.25
355 0.11 0.06
356 0.37 0.2
357 0.18 0.02
358 0.11 0.09
359 0.37 0.5
360 0.14 0.13
361 0.27 0.14
362 0.49 0.46
363 0.19 0.16
364 0.33 0.32
365 0.41 0.31
366 0.22 0.26
367 0.11 0.27
368 0.27 0.22
369 0.4 0.28
370 0.49 0.3
371 0.08 0.12
372 0.07 0.35
373 0.25 0.26
374 0.17 0.27
375 0.17 0.16
376 0.42 0.32
377 0.42 0.05
378 0.2 0.4
379 0.25 0.33
380 0.37 0.24
381 0.39 0.41
382 0.21 0.09
383 0.23 0.41
384 0.2 0.21
385 0.36 0.47
386 0.46 0.42
387 0.2 0.34
388 0.18 0.25
389 0.11 0.17
390 0.3 0.26
391 0.31 0.42
392 0.13 0.22
393 0.13 0.02
394 0.39 0.08
395 0.14 0.33
396 0.21 0.08
397 0.48 0.12
398 0.41 0.08
399 0.4 0.42
400 0.06 0.41
401 0.01 0.47
402 0.45 0.38
403 0.14 0.3
404 0.26 0.48
405 0.03 0.01
406 0.06 0.08
407 0.09 0.27
408 0.03 0.07
409 0.37 0.1
410 0.41 0.24
411 0.33 0.02
412 0.5 0.36
413 0.05 0.16
414 0.3 0.47
415 0.32 0.05
416 0.41 0.13
417 0.05 0.4
418 0.38 0.2
419 0.22 0.1
420 0.37 0.26
421 0.05 0.31
422 0.3 0.09
423 0.12 0.3
424 0.13 0.45
425 0.38 0.08
426 0.41 0.08
427 0.35 0.03
428 0.3 0.17
429 0.27 0.37
430 0.31 0.48
431 0.1 0.37
432 0.34 0.09
433 0.11 0.15
434 0.14 0.26
435 0.38 0.22
436 0.25 0.3
437 0.1 0.13
438 0.09 0.44
439 0.04 0.08
440 0.32 0.18
441 0.16 0.23
442 0.24 0.32
443 0.14 0.33
444 0.13 0.34
445 0.48 0.17
446 0.48 0.25
447 0.23 0.39
448 0.3 0.17
449 0.42 0.25
450 0.41 0.06
451 0.18 0.36
452 0.26 0.03
453 0.02 0.11
454 0.13 0.26
455 0.4 0.2
456 0.22 0.2
457 0.34 0.15
458 0.38 0.17
459 0.25 0.38
460 0.28 0.39
461 0.2 0.08
462 0.45 0.11
463 0.05 0.4
464 0.41 0.34
465 0.27 0.34
466 0.43 0.3
467 0.43 0.07
468 0.26 0.06
469 0.37 0.26
470 0.35 0.28
471 0.41 0.13
472 0.36 0.21
473 0.02 0.02
474 0.35 0.21
475 0.3 0.38
476 0.45 0.12
477 0.43 0.32
478 0.15 0.43
479 0.06 0.5
480 0.14 0.12
481 0.36 0.08
482 0.29 0.49
483 0.29 0.22
484 0.46 0.3
485 0.33 0.12
486 0.43 0.22
487 0.26 0.41
488 0.04 0.13
489 0.13 0.13
490 0.48 0.35
491 0.17 0.2
492 0.07 0.42
493 0.48 0.06
494 0.43 0.22
495 0.3 0.09
496 0.21 0.06
497 0.27 0.04
498 0.3 0.42
499 0.06 0.12
500 0.33 0.31
501 0.43 0.25
502 0.27 0.33
503 0.24 0.04
504 0.34 0.19
505 0.04 0.13
506 0.3 0.43
507 0.44 0.14
508 0.46 0.4
509 0.44 0.4
510 0.34 0.05
511 0.19 0.43
512 0.06 0.03
513 0.42 0.19
514 0.29 0.02
515 0.15 0.34
516 0.06 0.02
517 0.21 0.35
518 0.37 0.01
519 0.12 0.13
520 0.05 0.27
521 0.36 0.42
522 0.29 0.4
523 0.06 0.04
524 0.36 0.21
525 0.09 0.45
526 0.06 0.1
527 0.21 0.41
528 0.4 0.21
529 0.38 0.07
530 0.48 0.42
531 0.22 0.45
532 0.05 0.02
533 0.07 0.17
534 0.09 0.37
535 0.09 0.16
536 0.39 0.27
537 0.24 0.02
538 0.23 0.26
539 0.13 0.1
540 0.47 0.07
541 0.01 0.27
542 0.11 0.19
543 0.01 0.49
544 0.21 0.23
545 0.23 0.25
546 0.12 0.36
547 0.01 0.46
548 0.32 0.33
549 0.38 0.18
550 0.32 0.22
551 0.24 0.27
552 0.36 0.33
553 0.33 0.11
554 0.45 0.37
555 0.16 0.03
556 0.29 0.36
557 0.04 0.23
558 0.27 0.03
559 0.18 0.01
560 0.09 0.41
561 0.18 0.32
562 0.29 0.18
563 0.22 0.02
564 0.4 0.46
565 0.1 0.03
566 0.16 0.48
567 0.06 0.1
568 0.25 0.34
569 0.45 0.33
570 0.48 0.27
571 0.13 0.17
572 0.13 0.36
573 0.49 0.2
574 0.45 0.39
575 0.19 0.07
576 0.24 0.47
577 0.36 0.25
578 0.36 0.02
579 0.12 0.24
580 0.21 0.17
581 0.11 0.11
582 0.44 0.3
583 0.49 0.08
584 0.38 0.01
585 0.08 0.15
586 0.38 0.05
587 0.37 0.2
588 0.05 0.34
589 0.34 0.22
590 0.24 0.27
591 0.25 0.3
592 0.2 0.18
593 0.28 0.44
594 0.47 0.15
595 0.31 0.45
596 0.44 0.26
597 0.22 0.01
598 0.29 0.07
599 0.01 0.29
600 0.37 0.27
601 0.03 0.43
602 0.19 0.02
603 0.2 0.02
604 0.42 0.3
605 0.31 0.33
606 0.36 0.1
607 0.2 0.4
608 0.33 0.24
609 0.28 0.02
610 0.17 0.4
611 0.45 0.01
612 0.05 0.41
613 0.38 0.14
614 0.41 0.09
615 0.17 0.13
616 0.19 0.34
617 0.31 0.1
618 0.02 0.21
619 0.05 0.01
620 0.2 0.09
621 0.39 0.04
622 0.28 0.02
623 0.41 0.48
624 0.33 0.38
625 0.29 0.1
626 0.02 0.42
627 0.45 0.49
628 0.29 0.26
629 0.39 0.15
630 0.23 0.44
631 0.5 0.18
632 0.3 0.16
633 0.08 0.24
634 0.44 0.38
635 0.22 0.25
636 0.26 0.16
637 0.08 0.38
638 0.16 0.44
639 0.4 0.06
640 0.49 0.4
641 0.25 0.3
642 0.41 0.32
643 0.14 0.34
644 0.22 0.36
645 0.02 0.4
646 0.08 0.43
647 0.45 0.18
648 0.36 0.02
649 0.44 0.09
650 0.15 0.2
651 0.15 0.26
652 0.32 0.35
653 0.44 0.34
654 0.46 0.2
655 0.46 0.17
656 0.43 0.05
657 0.24 0.01
658 0.19 0.3
659 0.42 0.14
660 0.28 0.48
661 0.02 0.36
662 0.21 0.02
663 0.4 0.38
664 0.43 0.13
665 0.4 0.45
666 0.18 0.29
667 0.32 0.32
668 0.21 0.17
669 0.18 0.21
670 0.28 0.13
671 0.04 0.16
672 0.25 0.11
673 0.23 0.44
674 0.29 0.38
675 0.09 0.14
676 0.29 0.16
677 0.29 0.02
678 0.24 0.13
679 0.38 0.4
680 0.04 0.21
681 0.46 0.06
682 0.06 0.4
683 0.4 0.24
684 0.14 0.32
685 0.1 0.34
686 0.26 0.15
687 0.28 0.41
688 0.47 0.19
689 0.27 0.21
690 0.24 0.28
691 0.35 0.32
692 0.37 0.08
693 0.37 0.27
694 0.16 0.44
695 0.45 0.35
696 0.2 0.32
697 0.36 0.17
698 0.47 0.4
699 0.21 0.48
700 0.43 0.36
701 0.23 0.41
702 0.41 0.42
703 0.47 0.38
704 0.23 0.28
705 0.23 0.49
706 0.27 0.2
707 0.03 0.31
708 0.2 0.37
709 0.39 0.35
710 0.36 0.5
711 0.34 0.23
712 0.16 0.45
713 0.19 0.28
714 0.07 0.42
715 0.14 0.21
716 0.48 0.17
717 0.08 0.18
718 0.15 0.32
719 0.17 0.16
720 0.37 0.15
721 0.03 0.42
722 0.12 0.15
723 0.44 0.31
724 0.41 0.37
725 0.29 0.15
726 0.06 0.39
727 0.49 0.21
728 0.35 0.45
729 0.28 0.14
730 0.1 0.34
731 0.32 0.24
732 0.02 0.08
733 0.17 0.09
734 0.12 0.42
735 0.05 0.49
736 0.12 0.46
737 0.43 0.02
738 0.09 0.42
739 0.42 0.23
740 0.17 0.39
741 0.48 0.1
742 0.06 0.46
743 0.19 0.09
744 0.4 0.49
745 0.37 0.16
746 0.21 0.27
747 0.32 0.02
748 0.3 0.25
749 0.04 0.46
750 0.15 0.31
751 0.49 0.48
752 0.1 0.34
753 0.37 0.04
754 0.03 0.02
755 0.14 0.33
756 0.15 0.19
757 0.43 0.19
758 0.19 0.19
759 0.39 0.09
760 0.48 0.02
761 0.14 0.19
762 0.17 0.2
763 0.28 0.06
764 0.09 0.13
765 0.05 0.36
766 0.48 0.31
767 0.12 0.36
768 0.04 0.18
769 0.4 0.32
770 0.12 0.08
771 0.21 0.06
772 0.12 0.33
773 0.46 0.32
774 0.11 0.09
775 0.4 0.13
776 0.06 0.21
777 0.22 0.03
778 0.45 0.42
779 0.09 0.48
780 0.07 0.26
781 0.49 0.07
782 0.23 0.45
783 0.44 0.09
784 0.33 0.08
785 0.29 0.12
786 0.5 0.03
787 0.02 0.24
788 0.42 0.15
789 0.3 0.22
790 0.21 0.39
791 0.32 0.15
792 0.46 0.42
793 0.16 0.09
794 0.45 0.4
795 0.37 0.46
796 0.32 0.19
797 0.19 0.38
798 0.37 0.29
799 0.23 0.41
800 0.35 0.02
801 0.03 0.24
802 0.08 0.09
803 0.13 0.28
804 0.23 0.05
805 0.03 0.15
806 0.01 0.43
807 0.05 0.49
808 0.28 0.39
809 0.28 0.02
810 0.04 0.31
811 0.12 0.08
812 0.26 0.41
813 0.1 0.14
814 0.22 0.5
815 0.49 0.23
816 0.34 0.16
817 0.01 0.05
818 0.13 0.2
819 0.34 0.3
820 0.31 0.03
821 0.22 0.24
822 0.18 0.06
823 0.12 0.14
824 0.47 0.35
825 0.37 0.33
826 0.17 0.48
827 0.06 0.13
828 0.01 0.07
829 0.15 0.06
830 0.33 0.12
831 0.46 0.37
832 0.17 0.06
833 0.13 0.17
834 0.32 0.07
835 0.34 0.06
836 0.09 0.33
837 0.31 0.15
838 0.15 0.21
839 0.21 0.45
840 0.1 0.04
841 0.28 0.06
842 0.43 0.16
843 0.18 0.39
844 0.39 0.09
845 0.14 0.42
846 0.4 0.44
847 0.39 0.42
848 0.37 0.36
849 0.08 0.14
850 0.1 0.25
851 0.26 0.27
852 0.48 0.35
853 0.25 0.14
854 0.11 0.34
855 0.03 0.08
856 0.25 0.15
857 0.36 0.06
858 0.15 0.11
859 0.37 0.43
860 0.04 0.07
861 0.43 0.07
862 0.27 0.47
863 0.15 0.43
864 0.06 0.19
865 0.15 0.31
866 0.05 0.21
867 0.24 0.27
868 0.41 0.49
869 0.06 0.12
870 0.45 0.06
871 0.17 0.49
872 0.36 0.3
873 0.44 0.03
874 0.44 0.18
875 0.3 0.23
876 0.26 0.03
877 0.5 0.3
878 0.04 0.22
879 0.04 0.12
880 0.44 0.23
881 0.29 0.1
882 0.5 0.29
883 0.1 0.35
884 0.04 0.41
885 0.28 0.31
886 0.37 0.4
887 0.02 0.05
888 0.44 0.42
889 0.09 0.02
890 0.15 0.44
891 0.34 0.48
892 0.36 0.13
893 0.09 0.47
894 0.31 0.16
895 0.49 0.03
896 0.27 0.03
897 0.48 0.15
898 0.48 0.36
899 0.08 0.03
900 0.16 0.06
901 0.23 0.37
902 0.48 0.25
903 0.37 0.34
904 0.23 0.03
905 0.03 0.36
906 0.35 0.33
907 0.06 0.28
908 0.34 0.27
909 0.09 0.45
910 0.03 0.37
911 0.29 0.11
912 0.07 0.11
913 0.42 0.08
914 0.04 0.07
915 0.48 0.46
916 0.22 0.39
917 0.23 0.41
918 0.36 0.03
919 0.12 0.27
920 0.24 0.19
921 0.14 0.24
922 0.05 0.09
923 0.36 0.36
924 0.06 0.07
925 0.36 0.19
926 0.35 0.07
927 0.12 0.19
928 0.28 0.46
929 0.2 0.33
930 0.15 0.17
931 0.42 0.3
932 0.26 0.41
933 0.29 0.4
934 0.1 0.08
935 0.27 0.13
936 0.2 0.22
937 0.04 0.5
938 0.44 0.38
939 0.47 0.14
940 0.49 0.24
941 0.5 0.2
942 0.34 0.12
943 0.21 0.11
944 0.06 0.18
945 0.05 0.02
946 0.11 0.13
947 0.16 0.13
948 0.47 0.45
949 0.43 0.48
950 0.33 0.13
951 0.06 0.37
952 0.18 0.15
953 0.27 0.25
954 0.22 0.47
955 0.39 0.43
956 0.47 0.34
957 0.43 0.4
958 0.04 0.25
959 0.03 0.28
960 0.27 0.43
961 0.23 0.46
962 0.27 0.27
963 0.08 0.03
964 0.27 0.44
965 0.45 0.28
966 0.35 0.19
967 0.16 0.18
968 0.32 0.29
969 0.42 0.38
970 0.37 0.27
971 0.12 0.03
972 0.45 0.03
973 0.12 0.27
974 0.14 0.41
975 0.23 0.37
976 0.02 0.45
977 0.06 0.44
978 0.15 0.08
979 0.32 0.24
980 0.34 0.18
981 0.18 0.43
982 0.26 0.08
983 0.2 0.34
984 0.23 0.09
985 0.27 0.09
986 0.4 0.19
987 0.25 0.46
988 0.14 0.42
989 0.09 0.48
990 0.09 0.39
991 0.13 0.17
992 0.11 0.27
993 0.46 0.2
994 0.49 0.16
995 0.3 0.28
996 0.1 0.07
997 0.46 0.29
998 0.36 0.27
999 0.33 0.3
