1000
0 0.41 0.21
1 0.27 0.35
2 0.4 0.05
3 0.39 0.32
4 0.25 0.05
5 0.47 0.04
6 0.36 0.42
7 0.16 0.3
8 0.18 0.26
9 0.17 0.46
10 0.19 0.16
11 0.5 0.04
12 0.48 0.37
13 0.31 0.24
14 0.2 0.26
15 0.16 0.2
16 0.4 0.31
17 0.38 0.5
18 0.45 0.14
19 0.28 0.41
20 0.49 0.2
21 0.49 0.04
22 0.21 0.14
23 0.4 0.47
24 0.09 0.4
25 0.1 0.42
26 0.06 0.17
27 0.3 0.41
28 0.17 0.34
29 0.33 0.22
30 0.39 0.39
31 0.04 0.07
32 0.13 0.22
33 0.34 0.01
34 0.29 0.41
35 0.14 0.04
36 0.09 0.39
37 0.43 0.18
38 0.42 0.19
39 0.1 0.42
40 0.5 0.15
41 0.04 0.06
42 0.3 0.35
43 0.31 0.04
44 0.42 0.2
45 0.1 0.12
46 0.32 0.22
47 0.25 0.2
48 0.25 0.28
49 0.17 0.42
50 0.32 0.47
51 0.4 0.19
52 0.39 0.14
53 0.12 0.5
54 0.4 0.19
55 0.5 0.13
56 0.12 0.47
57 0.43 0.35
58 0.21 0.33
59 0.03 0.26
60 0.04 0.33
61 0.02 0.25
62 0.26 0.28
63 0.17 0.15
64 0.49 0.37
65 0.4 0.28
66 0.47 0.07
67 0.19 0.36
68 0.09 0.43
69 0.21 0.07
70 0.24 0.03
71 0.16 0.23
72 0.5 0.49
73 0.34 0.16
74 0.07 0.37
75 0.37 0.05
76 0.14 0.16
77 0.25 0.22
78 0.37 0.17
79 0.5 0.16
80 0.02 0.4
81 0.27 0.03
82 0.25 0.41
83 0.47 0.05
84 0.32 0.03
85 0.21 0.27
86 0.41 0.18
87 0.45 0.34
88 0.26 0.07
89 0.15 0.28
90 0.08 0.14
91 0.08 0.36
92 0.06 0.47
93 0.34 0.25
94 0.1 0.06
95 0.38 0.09
96 0.02 0.06
97 0.49 0.26
98 0.37 0.42
99 0.35 0.15
100 0.31 0.22
101 0.15 0.11
102 0.28 0.46
103 0.25 0.13
104 0.37 0.37
105 0.45 0.14
106 0.38 0.14
107 0.06 0.33
108 0.24 0.31
109 0.46 0.37
110 0.36 0.04
111 0.37 0.49
112 0.27 0.28
113 0.01 0.48
114 0.04 0.34
115 0.06 0.15
116 0.27 0.17
117 0.27 0.05
118 0.02 0.39
119 0.08 0.33
120 0.04 0.1
121 0.4 0.14
122 0.17 0.25
123 0.33 0.19
124 0.34 0.22
125 0.04 0.12
126 0.41 0.23
127 0.14 0.32
128 0.15 0.3
129 0.28 0.39
130 0.02 0.28
131 0.4 0.35
132 0.23 0.32
133 0.25 0.05
134 0.23 0.25
135 0.38 0.04
136 0.08 0.22
137 0.03 0.18
138 0.19 0.46
139 0.34 0.05
140 0.21 0.17
141 0.11 0.23
142 0.35 0.34
143 0.14 0.18
144 0.39 0.35
145 0.05 0.2
146 0.15 0.26
147 0.49 0.35
148 0.28 0.09
149 0.07 0.44
150 0.19 0.22
151 0.32 0.47
152 0.34 0.42
153 0.02 0.18
154 0.22 0.5
155 0.04 0.46
156 0.38 0.01
157 0.14 0.11
158 0.4 0.11
159 0.16 0.36
160 0.01 0.47
161 0.36 0.23
162 0.05 0.14
163 0.25 0.14
164 0.35 0.12
165 0.39 0.13
166 0.42 0.5
167 0.1 0.11
168 0.49 0.08
169 0.47 0.08
170 0.08 0.36
171 0.33 0.24
172 0.4 0.1
173 0.5 0.02
174 0.15 0.31
175 0.15 0.15
176 0.43 0.05
177 0.32 0.28
178 0.31 0.07
179 0.41 0.03
180 0.19 0.12
181 0.28 0.27
182 0.39 0.36
183 0.37 0.07
184 0.3 0.26
185 0.43 0.08
186 0.28 0.44
187 0.11 0.15
188 0.44 0.24
189 0.33 0.1
190 0.36 0.4
191 0.35 0.1
192 0.13 0.25
193 0.03 0.05
194 0.2 0.39
195 0.48 0.44
196 0.06 0.43
197 0.41 0.19
198 0.1 0.13
199 0.33 0.11
200 0.41 0.43
201 0.02 0.36
202 0.35 0.34
203 0.05 0.31
204 0.37 0.31
205 0.09 0.25
206 0.19 0.33
207 0.37 0.1
208 0.43 0.14
209 0.47 0.12
210 0.31 0.4
211 0.3 0.16
212 0.22 0.26
213 0.24 0.43
214 0.29 0.19
215 0.45 0.25
216 0.12 0.28
217 0.45 0.17
218 0.11 0.27
219 0.46 0.36
220 0.49 0.27
221 0.21 0.19
222 0.29 0.29
223 0.32 0.03
224 0.14 0.37
225 0.06 0.5
226 0.36 0.5
227 0.33 0.18
228 0.26 0.01
229 0.25 0.01
230 0.1 0.28
231 0.17 0.25
232 0.4 0.05
233 0.19 0.05
234 0.44 0.31
235 0.35 0.35
236 0.31 0.43
237 0.45 0.32
238 0.45 0.25
239 0.16 0.11
240 0.37 0.35
241 0.28 0.05
242 0.05 0.49
243 0.23 0.25
244 0.18 0.05
245 0.48 0.49
246 0.48 0.03
247 0.18 0.14
248 0.08 0.47
249 0.24 0.27
250 0.03 0.18
251 0.35 0.23
252 0.15 0.04
253 0.42 0.07
254 0.21 0.16
255 0.31 0.08
256 0.14 0.46
257 0.38 0.24
258 0.34 0.23
259 0.15 0.44
260 0.03 0.4
261 0.44 0.25
262 0.22 0.07
263 0.21 0.26
264 0.1 0.19
265 0.21 0.2
266 0.3 0.41
267 0.45 0.49
268 0.04 0.27
269 0.29 0.19
270 0.45 0.22
271 0.31 0.11
272 0.19 0.22
273 0.13 0.16
274 0.5 0.01
275 0.25 0.36
276 0.4 0.09
277 0.49 0.24
278 0.03 0.19
279 0.02 0.46
280 0.39 0.12
281 0.38 0.15
282 0.12 0.36
283 0.07 0.05
284 0.38 0.42
285 0.49 0.31
286 0.29 0.16
287 0.25 0.12
288 0.42 0.1
289 0.03 0.03
290 0.3 0.38
291 0.3 0.04
292 0.35 0.14
293 0.2 0.47
294 0.07 0.24
295 0.09 0.09
296 0.18 0.47
297 0.31 0.44
298 0.43 0.09
299 0.15 0.15
300 0.16 0.37
301 0.27 0.38
302 0.31 0.33
303 0.21 0.01
304 0.07 0.35
305 0.48 0.26
306 0.42 0.39
307 0.34 0.08
308 0.34 0.47
309 0.32 0.1
310 0.41 0.03
311 0.04 0.27
312 0.01 0.14
313 0.25 0.06
314 0.33 0.08
315 0.45 0.26
316 0.42 0.16
317 0.09 0.44
318 0.37 0.31
319 0.11 0.23
320 0.02 0.31
321 0.48 0.36
322 0.3 0.14
323 0.12 0.34
324 0.46 0.38
325 0.38 0.2
326 0.03 0.26
327 0.48 0.15
328 0.38 0.35
329 0.38 0.27
330 0.18 0.03
331 0.04 0.27
332 0.03 0.4
333 0.39 0.46
334 0.32 0.04
335 0.38 0.05
336 0.32 0.04
337 0.1 0.01
338 0.01 0.31
339 0.28 0.43
340 0.08 0.07
341 0.08 0.5
342 0.44 0.14
343 0.23 0.34
344 0.31 0.04
345 0.5 0.4
346 0.34 0.15
347 0.4 0.34
348 0.2 0.43
349 0.28 0.23
350 0.4 0.45
351 0.5 0.32
352 0.33 0.37
353 0.16 0.31
354 0.06 0.44
355 0.03 0.14
356 0.42 0.3
357 0.04 0.34
358 0.12 0.45
359 0.03 0.29
360 0.34 0.05
361 0.35 0.09
362 0.3 0.01
363 0.47 0.33
364 0.13 0.06
365 0.37 0.04
366 0.35 0.14
367 0.46 0.49
368 0.23 0.31
369 0.34 0.02
370 0.48 0.46
371 0.23 0.32
372 0.33 0.35
373 0.34 0.24
374 0.15 0.13
375 0.18 0.11
376 0.07 0.02
377 0.08 0.09
378 0.3 0.38
379 0.25 0.39
380 0.31 0.26
381 0.16 0.27
382 0.3 0.13
383 0.11 0.07
384 0.38 0.11
385 0.05 0.04
386 0.11 0.41
387 0.03 0.26
388 0.05 0.17
389 0.41 0.48
390 0.41 0.42
391 0.25 0.49
392 0.33 0.38
393 0.27 0.28
394 0.09 0.45
395 0.49 0.41
396 0.11 0.2
397 0.42 0.49
398 0.31 0.17
399 0.31 0.47
400 0.34 0.25
401 0.1 0.39
402 0.46 0.08
403 0.42 0.01
404 0.06 0.44
405 0.23 0.18
406 0.04 0.15
407 0.14 0.05
408 0.07 0.28
409 0.07 0.22
410 0.37 0.44
411 0.4 0.14
412 0.46 0.1
413 0.31 0.41
414 0.27 0.47
415 0.08 0.36
416 0.2 0.49
417 0.24 0.41
418 0.32 0.12
419 0.2 0.13
420 0.01 0.31
421 0.1 0.18
422 0.07 0.07
423 0.05 0.39
424 0.11 0.18
425 0.01 0.29
426 0.46 0.18
427 0.45 0.3
428 0.36 0.31
429 0.29 0.26
430 0.4 0.12
431 0.38 0.14
432 0.41 0.27
433 0.29 0.16
434 0.16 0.1
435 0.13 0.33
436 0.14 0.38
437 0.26 0.02
438 0.17 0.14
439 0.01 0.12
440 0.15 0.15
441 0.39 0.14
442 0.04 0.18
443 0.01 0.12
444 0.06 0.14
445 0.49 0.08
446 0.32 0.1
447 0.39 0.28
448 0.13 0.48
449 0.5 0.41
450 0.42 0.38
451 0.39 0.14
452 0.06 0.42
453 0.41 0.32
454 0.12 0.5
455 0.25 0.22
456 0.2 0.5
457 0.21 0.46
458 0.12 0.48
459 0.17 0.02
460 0.03 0.45
461 0.21 0.47
462 0.31 0.18
463 0.33 0.24
464 0.12 0.04
465 0.31 0.09
466 0.01 0.28
467 0.04 0.48
468 0.25 0.38
469 0.43 0.1
470 0.5 0.26
471 0.18 0.46
472 0.08 0.39
473 0.14 0.15
474 0.07 0.42
475 0.39 0.3
476 0.19 0.1
477 0.23 0.46
478 0.19 0.08
479 0.22 0.23
480 0.14 0.3
481 0.47 0.1
482 0.5 0.15
483 0.27 0.08
484 0.28 0.45
485 0.04 0.11
486 0.48 0.02
487 0.25 0.4
488 0.37 0.34
489 0.3 0.38
490 0.08 0.37
491 0.43 0.3
492 0.21 0.16
493 0.35 0.47
494 0.48 0.33
495 0.28 0.09
496 0.25 0.24
497 0.01 0.27
498 0.13 0.18
499 0.06 0.32
500 0.31 0.25
501 0.35 0.1
502 0.49 0.26
503 0.4 0.13
504 0.08 0.15
505 0.09 0.05
506 0.04 0.44
507 0.21 0.27
508 0.29 0.45
509 0.24 0.23
510 0.06 0.44
511 0.1 0.05
512 0.3 0.19
513 0.25 0.18
514 0.23 0.22
515 0.09 0.29
516 0.12 0.18
517 0.42 0.38
518 0.2 0.2
519 0.07 0.27
520 0.41 0.4
521 0.29 0.24
522 0.22 0.31
523 0.04 0.44
524 0.4 0.12
525 0.36 0.21
526 0.26 0.17
527 0.47 0.22
528 0.11 0.33
529 0.36 0.13
530 0.25 0.41
531 0.02 0.05
532 0.29 0.45
533 0.47 0.03
534 0.05 0.33
535 0.07 0.21
536 0.36 0.05
537 0.12 0.21
538 0.2 0.47
539 0.14 0.32
540 0.48 0.15
541 0.1 0.01
542 0.24 0.33
543 0.28 0.39
544 0.47 0.4
545 0.47 0.44
546 0.31 0.39
547 0.06 0.14
548 0.18 0.04
549 0.38 0.44
550 0.17 0.23
551 0.27 0.29
552 0.36 0.01
553 0.28 0.23
554 0.46 0.21
555 0.32 0.32
556 0.46 0.28
557 0.36 0.24
558 0.24 0.04
559 0.13 0.19
560 0.04 0.04
561 0.14 0.33
562 0.36 0.23
563 0.24 0.21
564 0.06 0.27
565 0.28 0.34
566 0.12 0.32
567 0.22 0.04
568 0.3 0.26
569 0.37 0.07
570 0.36 0.29
571 0.14 0.16
572 0.4 0.35
573 0.35 0.41
574 0.13 0.22
575 0.3 0.39
576 0.16 0.34
577 0.24 0.41
578 0.42 0.44
579 0.09 0.19
580 0.17 0.35
581 0.35 0.4
582 0.25 0.13
583 0.01 0.08
584 0.4 0.28
585 0.29 0.08
586 0.28 0.45
587 0.5 0.42
588 0.03 0.15
589 0.2 0.08
590 0.36 0.17
591 0.36 0.4
592 0.49 0.44
593 0.16 0.06
594 0.39 0.13
595 0.32 0.11
596 0.1 0.39
597 0.32 0.25
598 0.37 0.19
599 0.44 0.04
600 0.32 0.33
601 0.42 0.44
602 0.27 0.4
603 0.27 0.39
604 0.18 0.05
605 0.11 0.28
606 0.17 0.28
607 0.46 0.08
608 0.31 0.07
609 0.3 0.21
610 0.21 0.42
611 0.13 0.05
612 0.11 0.36
613 0.49 0.38
614 0.25 0.16
615 0.04 0.45
616 0.04 0.13
617 0.04 0.21
618 0.17 0.4
619 0.41 0.38
620 0.38 0.21
621 0.21 0.16
622 0.13 0.31
623 0.5 0.23
624 0.47 0.02
625 0.18 0.01
626 0.46 0.11
627 0.16 0.05
628 0.36 0.04
629 0.14 0.13
630 0.03 0.22
631 0.1 0.04
632 0.47 0.36
633 0.18 0.3
634 0.3 0.32
635 0.09 0.02
636 0.17 0.25
637 0.39 0.39
638 0.08 0.44
639 0.43 0.05
640 0.41 0.15
641 0.45 0.48
642 0.31 0.07
643 0.12 0.1
644 0.45 0.04
645 0.31 0.28
646 0.42 0.37
647 0.36 0.43
648 0.37 0.46
649 0.47 0.31
650 0.2 0.2
651 0.22 0.34
652 0.26 0.22
653 0.14 0.13
654 0.46 0.46
655 0.27 0.3
656 0.29 0.18
657 0.5 0.25
658 0.22 0.45
659 0.46 0.26
660 0.34 0.11
661 0.36 0.49
662 0.28 0.32
663 0.4 0.45
664 0.37 0.15
665 0.3 0.28
666 0.33 0.12
667 0.49 0.33
668 0.5 0.4
669 0.1 0.07
670 0.4 0.49
671 0.04 0.3
672 0.41 0.1
673 0.35 0.41
674 0.07 0.01
675 0.13 0.09
676 0.32 0.34
677 0.15 0.49
678 0.15 0.39
679 0.1 0.06
680 0.36 0.07
681 0.45 0.29
682 0.28 0.12
683 0.31 0.02
684 0.19 0.39
685 0.24 0.37
686 0.17 0.19
687 0.08 0.26
688 0.24 0.32
689 0.36 0.38
690 0.39 0.19
691 0.13 0.41
692 0.38 0.47
693 0.42 0.11
694 0.25 0.18
695 0.08 0.41
696 0.16 0.22
697 0.03 0.18
698 0.18 0.08
699 0.25 0.37
700 0.44 0.05
701 0.12 0.18
702 0.39 0.46
703 0.04 0.3
704 0.33 0.35
705 0.07 0.48
706 0.19 0.04
707 0.31 0.05
708 0.05 0.24
709 0.27 0.39
710 0.1 0.04
711 0.43 0.24
712 0.49 0.04
713 0.47 0.28
714 0.16 0.34
715 0.16 0.33
716 0.29 0.18
717 0.43 0.23
718 0.05 0.22
719 0.22 0.24
720 0.05 0.49
721 0.42 0.5
722 0.07 0.27
723 0.25 0.21
724 0.03 0.43
725 0.08 0.5
726 0.32 0.15
727 0.18 0.43
728 0.41 0.14
729 0.35 0.16
730 0.5 0.4
731 0.04 0.26
732 0.03 0.44
733 0.14 0.01
734 0.41 0.29
735 0.36 0.32
736 0.28 0.05
737 0.07 0.05
738 0.44 0.35
739 0.37 0.43
740 0.19 0.35
741 0.49 0.27
742 0.5 0.35
743 0.38 0.49
744 0.13 0.24
745 0.12 0.44
746 0.16 0.09
747 0.24 0.38
748 0.32 0.25
749 0.4 0.06
750 0.17 0.18
751 0.03 0.09
752 0.42 0.05
753 0.17 0.09
754 0.5 0.29
755 0.4 0.28
756 0.37 0.33
757 0.25 0.17
758 0.06 0.1
759 0.29 0.01
760 0.28 0.45
761 0.1 0.27
762 0.31 0.26
763 0.15 0.19
764 0.16 0.49
765 0.41 0.49
766 0.03 0.05
767 0.02 0.35
768 0.07 0.04
769 0.37 0.21
770 0.32 0.23
771 0.32 0.48
772 0.34 0.4
773 0.07 0.43
774 0.06 0.16
775 0.29 0.24
776 0.2 0.18
777 0.44 0.22
778 0.27 0.39
779 0.28 0.36
780 0.5 0.35
781 0.22 0.02
782 0.45 0.24
783 0.23 0.35
784 0.36 0.34
785 0.37 0.18
786 0.21 0.47
787 0.32 0.11
788 0.36 0.38
789 0.16 0.12
790 0.27 0.49
791 0.49 0.1
792 0.34 0.45
793 0.47 0.44
794 0.31 0.18
795 0.35 0.2
796 0.45 0.44
797 0.3 0.03
798 0.04 0.26
799 0.2 0.42
800 0.38 0.01
801 0.13 0.08
802 0.37 0.48
803 0.32 0.05
804 0.29 0.36
805 0.17 0.07
806 0.22 0.22
807 0.08 0.22
808 0.19 0.19
809 0.35 0.5
810 0.09 0.41
811 0.3 0.28
812 0.32 0.46
813 0.14 0.5
814 0.11 0.36
815 0.16 0.41
816 0.34 0.23
817 0.43 0.32
818 0.22 0.02
819 0.27 0.35
820 0.19 0.23
821 0.18 0.14
822 0.06 0.25
823 0.17 0.05
824 0.33 0.37
825 0.3 0.35
826 0.05 0.31
827 0.06 0.28
828 0.41 0.07
829 0.37 0.3
830 0.41 0.11
831 0.06 0.04
832 0.44 0.19
833 0.02 0.31
834 0.08 0.01
835 0.09 0.1
836 0.01 0.19
837 0.23 0.27
838 0.28 0.03
839 0.23 0.22
840 0.45 0.21
841 0.22 0.21
842 0.27 0.01
843 0.38 0.48
844 0.11 0.11
845 0.12 0.23
846 0.01 0.24
847 0.15 0.09
848 0.29 0.2
849 0.33 0.23
850 0.49 0.03
851 0.32 0.3
852 0.21 0.09
853 0.46 0.02
854 0.06 0.3
855 0.44 0.49
856 0.4 0.24
857 0.31 0.44
858 0.49 0.43
859 0.36 0.24
860 0.5 0.04
861 0.06 0.02
862 0.09 0.08
863 0.32 0.23
864 0.12 0.19
865 0.42 0.4
866 0.48 0.19
867 0.1 0.34
868 0.17 0.3
869 0.2 0.36
870 0.36 0.27
871 0.45 0.28
872 0.2 0.43
873 0.29 0.16
874 0.11 0.1
875 0.2 0.41
876 0.12 0.13
877 0.24 0.47
878 0.04 0.48
879 0.26 0.06
880 0.46 0.03
881 0.03 0.17
882 0.12 0.48
883 0.44 0.46
884 0.41 0.25
885 0.41 0.34
886 0.21 0.47
887 0.06 0.03
888 0.47 0.36
889 0.25 0.06
890 0.49 0.21
891 0.3 0.42
892 0.33 0.37
893 0.4 0.33
894 0.02 0.18
895 0.03 0.18
896 0.3 0.17
897 0.45 0.47
898 0.39 0.22
899 0.06 0.23
900 0.15 0.22
901 0.1 0.27
902 0.2 0.34
903 0.18 0.01
904 0.02 0.01
905 0.5 0.03
906 0.21 0.39
907 0.47 0.17
908 0.4 0.23
909 0.25 0.04
910 0.2 0.02
911 0.09 0.31
912 0.09 0.41
913 0.13 0.21
914 0.35 0.11
915 0.49 0.1
916 0.34 0.09
917 0.05 0.26
918 0.46 0.27
919 0.09 0.02
920 0.28 0.48
921 0.43 0.08
922 0.3 0.38
923 0.42 0.3
924 0.42 0.41
925 0.06 0.2
926 0.45 0.39
927 0.04 0.35
928 0.39 0.1
929 0.04 0.4
930 0.1 0.27
931 0.22 0.14
932 0.26 0.37
933 0.25 0.31
934 0.35 0.13
935 0.1 0.33
936 0.35 0.07
937 0.48 0.07
938 0.27 0.1
939 0.49 0.02
940 0.18 0.23
941 0.17 0.21
942 0.22 0.04
943 0.39 0.19
944 0.17 0.07
945 0.47 0.41
946 0.26 0.45
947 0.49 0.06
948 0.27 0.37
949 0.12 0.39
950 0.08 0.45
951 0.15 0.04
952 0.36 0.33
953 0.03 0.04
954 0.08 0.06
955 0.34 0.32
956 0.36 0.29
957 0.24 0.22
958 0.08 0.22
959 0.12 0.4
960 0.25 0.24
961 0.02 0.45
962 0.45 0.25
963 0.15 0.06
964 0.35 0.44
965 0.26 0.43
966 0.29 0.44
967 0.39 0.29
968 0.01 0.26
969 0.33 0.33
970 0.16 0.38
971 0.11 0.49
972 0.09 0.45
973 0.23 0.24
974 0.44 0.02
975 0.26 0.13
976 0.26 0.2
977 0.36 0.48
978 0.38 0.22
979 0.08 0.39
980 0.49 0.15
981 0.15 0.49
982 0.29 0.42
983 0.31 0.06
984 0.42 0.33
985 0.29 0.21
986 0.35 0.02
987 0.48 0.1
988 0.09 0.17
989 0.28 0.15
990 0.3 0.13
991 0.25 0.19
992 0.39 0.32
993 0.36 0.09
994 0.36 0.24
995 0.05 0.45
996 0.01 0.31
997 0.02 0.34
998 0.13 0.08
999 0.31 0.13
