166
0 34 0.16
0 24 0.15
1 13 0.07
2 66 0.05
2 87 0.18
3 25 0.10
4 72 0.08
4 67 0.20
5 43 0.04
7 54 0.03
8 28 0.19
10 43 0.05
10 62 0.18
11 44 0.07
11 64 0.02
11 68 0.14
11 20 0.07
11 38 0.02
11 15 0.17
13 27 0.13
13 29 0.15
15 39 0.15
15 84 0.02
15 3 0.16
16 92 0.04
16 12 0.02
17 31 0.07
18 4 0.02
18 77 0.11
18 40 0.19
21 35 0.17
21 14 0.02
23 17 0.10
24 98 0.16
26 0 0.15
26 68 0.04
26 51 0.15
26 10 0.12
27 10 0.16
27 25 0.09
27 0 0.19
28 40 0.08
29 38 0.10
29 26 0.05
29 23 0.13
31 67 0.20
31 30 0.18
31 32 0.06
33 91 0.03
33 1 0.10
33 30 0.10
34 98 0.16
36 79 0.05
36 37 0.17
38 87 0.16
38 64 0.08
38 9 0.03
38 31 0.05
39 44 0.12
39 10 0.06
39 7 0.09
39 6 0.17
40 45 0.18
41 1 0.20
41 27 0.11
43 55 0.12
43 29 0.14
43 10 0.13
44 19 0.04
45 42 0.13
45 8 0.11
46 18 0.17
48 31 0.08
49 50 0.05
49 4 0.03
49 6 0.07
49 78 0.20
51 71 0.10
52 96 0.03
53 0 0.14
53 93 0.10
54 0 0.11
55 65 0.10
55 9 0.13
56 4 0.20
57 3 0.08
57 16 0.13
57 18 0.07
58 13 0.07
59 95 0.10
59 5 0.06
60 92 0.19
61 53 0.09
62 36 0.15
63 65 0.10
63 80 0.14
63 48 0.18
63 96 0.16
63 50 0.19
64 14 0.04
64 48 0.08
64 17 0.05
65 3 0.11
65 62 0.13
65 75 0.18
68 59 0.09
68 56 0.07
68 60 0.13
68 78 0.17
69 33 0.08
69 47 0.18
70 95 0.16
71 17 0.20
72 89 0.02
73 46 0.06
73 76 0.16
73 15 0.19
74 0 0.05
74 32 0.01
75 83 0.05
75 96 0.07
76 47 0.17
76 95 0.17
76 51 0.07
76 4 0.07
77 73 0.03
77 56 0.03
78 70 0.09
79 26 0.03
79 62 0.14
79 54 0.11
80 56 0.03
81 64 0.13
82 81 0.16
82 30 0.02
82 59 0.06
82 70 0.15
84 88 0.05
85 27 0.20
85 52 0.20
85 38 0.19
86 38 0.07
86 62 0.20
87 6 0.17
87 79 0.12
88 55 0.09
89 13 0.02
89 83 0.13
89 18 0.09
91 13 0.11
91 74 0.16
92 58 0.03
92 51 0.11
92 22 0.08
93 75 0.20
94 62 0.14
94 42 0.02
95 38 0.17
95 21 0.04
96 29 0.17
98 0 0.19
98 62 0.03
99 54 0.20
99 81 0.20
99 2 0.13
99 43 0.12
