0 0.1 0.37
1 0.13 0.34
2 0.39 0.22
3 0.09 0.24
4 0.4 0.25
5 0.23 0.02
6 0.23 0.45
7 0.42 0.12
8 0.34 0.5
9 0.29 0.5
10 0.39 0.35
11 0.25 0.47
12 0.34 0.33
13 0.22 0.09
14 0.03 0.12
15 0.44 0.3
16 0.12 0.36
17 0.08 0.41
18 0.12 0.18
19 0.12 0.39
20 0.43 0.32
21 0.22 0.14
22 0.41 0.11
23 0.5 0.1
24 0.09 0.46
25 0.41 0.38
26 0.28 0.02
27 0.31 0.39
28 0.2 0.46
29 0.33 0.3
30 0.23 0.01
31 0.31 0.08
32 0.09 0.15
33 0.2 0.36
34 0.04 0.43
35 0.17 0.31
36 0.08 0.21
37 0.41 0.46
38 0.06 0.36
39 0.38 0.14
40 0.13 0.05
41 0.12 0.23
42 0.3 0.12
43 0.41 0.21
44 0.25 0.43
45 0.15 0.48
46 0.11 0.3
47 0.4 0.17
48 0.1 0.24
49 0.44 0.07
50 0.2 0.41
51 0.14 0.37
52 0.19 0.37
53 0.43 0.06
54 0.39 0.45
55 0.39 0.42
56 0.46 0.42
57 0.03 0.35
58 0.07 0.06
59 0.19 0.03
60 0.11 0.27
61 0.22 0.15
62 0.29 0.09
63 0.24 0.44
64 0.13 0.37
65 0.24 0.02
66 0.42 0.38
67 0.2 0.36
68 0.14 0.1
69 0.3 0.34
70 0.32 0.06
71 0.31 0.23
72 0.35 0.16
73 0.18 0.29
74 0.26 0.03
75 0.44 0.06
76 0.33 0.31
77 0.13 0.1
78 0.5 0.33
79 0.21 0.06
80 0.15 0.18
81 0.38 0.4
82 0.33 0.48
83 0.06 0.33
84 0.43 0.08
85 0.29 0.43
86 0.16 0.32
87 0.07 0.03
88 0.33 0.26
89 0.32 0.33
90 0.06 0.48
91 0.34 0.03
92 0.37 0.12
93 0.26 0.18
94 0.03 0.5
95 0.04 0.32
96 0.12 0.45
97 0.43 0.4
98 0.23 0.15
99 0.22 0.37
