1000
0 0.35 0.12
1 0.4 0.46
2 0.09 0.27
3 0.42 0.46
4 0.12 0.47
5 0.43 0.42
6 0.43 0.27
7 0.1 0.24
8 0.39 0.45
9 0.44 0.29
10 0.2 0.3
11 0.47 0.1
12 0.39 0.15
13 0.04 0.33
14 0.42 0.08
15 0.46 0.21
16 0.49 0.26
17 0.15 0.1
18 0.26 0.03
19 0.2 0.31
20 0.16 0.47
21 0.34 0.35
22 0.42 0.11
23 0.28 0.02
24 0.42 0.15
25 0.47 0.3
26 0.33 0.28
27 0.38 0.06
28 0.36 0.05
29 0.23 0.12
30 0.31 0.26
31 0.3 0.5
32 0.13 0.14
33 0.13 0.32
34 0.4 0.21
35 0.49 0.22
36 0.02 0.42
37 0.39 0.4
38 0.3 0.25
39 0.47 0.17
40 0.44 0.35
41 0.31 0.49
42 0.33 0.41
43 0.22 0.08
44 0.24 0.15
45 0.13 0.08
46 0.46 0.04
47 0.14 0.23
48 0.1 0.22
49 0.41 0.28
50 0.01 0.12
51 0.1 0.11
52 0.34 0.46
53 0.02 0.14
54 0.26 0.43
55 0.3 0.45
56 0.04 0.44
57 0.07 0.05
58 0.16 0.28
59 0.05 0.41
60 0.44 0.35
61 0.1 0.47
62 0.43 0.08
63 0.23 0.3
64 0.32 0.07
65 0.43 0.11
66 0.36 0.26
67 0.19 0.42
68 0.11 0.21
69 0.28 0.04
70 0.29 0.18
71 0.34 0.26
72 0.25 0.27
73 0.03 0.46
74 0.33 0.03
75 0.18 0.2
76 0.15 0.12
77 0.2 0.36
78 0.05 0.45
79 0.27 0.43
80 0.35 0.33
81 0.19 0.21
82 0.33 0.24
83 0.12 0.24
84 0.26 0.43
85 0.04 0.43
86 0.38 0.34
87 0.23 0.24
88 0.22 0.24
89 0.07 0.21
90 0.47 0.42
91 0.26 0.29
92 0.07 0.31
93 0.16 0.2
94 0.13 0.2
95 0.03 0.2
96 0.06 0.14
97 0.1 0.13
98 0.41 0.46
99 0.1 0.1
100 0.23 0.15
101 0.48 0.11
102 0.5 0.1
103 0.1 0.35
104 0.17 0.05
105 0.08 0.42
106 0.03 0.15
107 0.38 0.16
108 0.08 0.35
109 0.43 0.19
110 0.33 0.34
111 0.45 0.06
112 0.49 0.36
113 0.42 0.48
114 0.27 0.39
115 0.22 0.35
116 0.2 0.18
117 0.25 0.12
118 0.02 0.47
119 0.22 0.12
120 0.29 0.22
121 0.11 0.37
122 0.35 0.37
123 0.49 0.16
124 0.02 0.13
125 0.34 0.38
126 0.3 0.17
127 0.3 0.02
128 0.49 0.27
129 0.36 0.11
130 0.39 0.06
131 0.43 0.19
132 0.04 0.04
133 0.31 0.08
134 0.49 0.35
135 0.27 0.38
136 0.32 0.4
137 0.41 0.22
138 0.12 0.38
139 0.06 0.41
140 0.27 0.14
141 0.47 0.12
142 0.1 0.31
143 0.29 0.24
144 0.48 0.03
145 0.17 0.14
146 0.2 0.45
147 0.48 0.2
148 0.04 0.26
149 0.06 0.43
150 0.21 0.2
151 0.1 0.32
152 0.02 0.37
153 0.36 0.2
154 0.29 0.26
155 0.17 0.04
156 0.21 0.11
157 0.46 0.04
158 0.46 0.34
159 0.35 0.39
160 0.4 0.14
161 0.04 0.46
162 0.45 0.39
163 0.22 0.1
164 0.48 0.48
165 0.17 0.18
166 0.35 0.44
167 0.26 0.22
168 0.42 0.13
169 0.13 0.11
170 0.42 0.14
171 0.42 0.22
172 0.02 0.05
173 0.4 0.39
174 0.32 0.38
175 0.46 0.35
176 0.14 0.46
177 0.47 0.37
178 0.4 0.24
179 0.33 0.09
180 0.35 0.44
181 0.11 0.19
182 0.49 0.31
183 0.02 0.32
184 0.14 0.34
185 0.49 0.27
186 0.17 0.44
187 0.45 0.13
188 0.41 0.4
189 0.03 0.15
190 0.18 0.2
191 0.02 0.32
192 0.12 0.04
193 0.06 0.15
194 0.48 0.05
195 0.28 0.36
196 0.27 0.06
197 0.39 0.15
198 0.24 0.21
199 0.23 0.22
200 0.23 0.4
201 0.16 0.21
202 0.5 0.35
203 0.25 0.13
204 0.14 0.49
205 0.43 0.48
206 0.27 0.14
207 0.42 0.1
208 0.22 0.3
209 0.36 0.28
210 0.39 0.15
211 0.07 0.44
212 0.23 0.31
213 0.38 0.3
214 0.1 0.36
215 0.39 0.03
216 0.19 0.14
217 0.3 0.41
218 0.29 0.35
219 0.12 0.44
220 0.04 0.27
221 0.27 0.03
222 0.41 0.37
223 0.31 0.42
224 0.28 0.3
225 0.06 0.22
226 0.14 0.5
227 0.24 0.48
228 0.35 0.31
229 0.42 0.49
230 0.17 0.07
231 0.15 0.37
232 0.01 0.27
233 0.15 0.07
234 0.25 0.45
235 0.13 0.22
236 0.2 0.08
237 0.36 0.04
238 0.38 0.49
239 0.16 0.36
240 0.15 0.29
241 0.2 0.14
242 0.44 0.38
243 0.06 0.46
244 0.11 0.32
245 0.42 0.49
246 0.14 0.38
247 0.1 0.13
248 0.19 0.3
249 0.07 0.13
250 0.28 0.28
251 0.08 0.24
252 0.09 0.39
253 0.23 0.32
254 0.08 0.45
255 0.06 0.04
256 0.06 0.35
257 0.2 0.16
258 0.04 0.12
259 0.5 0.2
260 0.35 0.34
261 0.49 0.28
262 0.13 0.05
263 0.1 0.42
264 0.25 0.36
265 0.44 0.14
266 0.27 0.28
267 0.27 0.09
268 0.47 0.06
269 0.42 0.1
270 0.16 0.35
271 0.37 0.35
272 0.02 0.23
273 0.35 0.08
274 0.16 0.21
275 0.07 0.21
276 0.04 0.22
277 0.27 0.49
278 0.14 0.06
279 0.42 0.33
280 0.14 0.02
281 0.23 0.22
282 0.21 0.19
283 0.31 0.27
284 0.25 0.18
285 0.25 0.18
286 0.46 0.09
287 0.23 0.19
288 0.4 0.28
289 0.35 0.3
290 0.31 0.08
291 0.05 0.39
292 0.49 0.06
293 0.46 0.38
294 0.22 0.15
295 0.31 0.44
296 0.42 0.46
297 0.31 0.01
298 0.47 0.2
299 0.02 0.24
300 0.17 0.09
301 0.32 0.21
302 0.35 0.18
303 0.16 0.39
304 0.5 0.23
305 0.34 0.12
306 0.3 0.04
307 0.3 0.44
308 0.43 0.41
309 0.41 0.29
310 0.24 0.38
311 0.43 0.11
312 0.25 0.25
313 0.45 0.35
314 0.16 0.03
315 0.13 0.41
316 0.49 0.05
317 0.37 0.23
318 0.02 0.21
319 0.12 0.32
320 0.01 0.09
321 0.43 0.18
322 0.29 0.03
323 0.07 0.45
324 0.25 0.05
325 0.48 0.38
326 0.34 0.13
327 0.05 0.19
328 0.39 0.27
329 0.41 0.34
330 0.28 0.35
331 0.16 0.11
332 0.21 0.32
333 0.47 0.27
334 0.44 0.37
335 0.37 0.49
336 0.42 0.06
337 0.39 0.02
338 0.49 0.09
339 0.28 0.39
340 0.49 0.43
341 0.49 0.06
342 0.36 0.13
343 0.37 0.1
344 0.06 0.42
345 0.28 0.41
346 0.23 0.1
347 0.07 0.03
348 0.12 0.1
349 0.41 0.14
350 0.31 0.28
351 0.12 0.28
352 0.21 0.24
353 0.13 0.25
354 0.48 0.25
355 0.44 0.34
356 0.06 0.47
357 0.37 0.05
358 0.14 0.15
359 0.35 0.23
360 0.07 0.02
361 0.44 0.49
362 0.34 0.16
363 0.14 0.06
364 0.4 0.32
365 0.27 0.22
366 0.33 0.44
367 0.05 0.48
368 0.05 0.19
369 0.08 0.19
370 0.06 0.19
371 0.08 0.02
372 0.31 0.04
373 0.06 0.15
374 0.5 0.06
375 0.34 0.44
376 0.34 0.33
377 0.49 0.37
378 0.46 0.09
379 0.2 0.09
380 0.31 0.2
381 0.23 0.08
382 0.49 0.01
383 0.43 0.1
384 0.44 0.22
385 0.35 0.04
386 0.4 0.01
387 0.43 0.25
388 0.3 0.38
389 0.14 0.37
390 0.43 0.49
391 0.34 0.07
392 0.5 0.08
393 0.38 0.26
394 0.38 0.23
395 0.15 0.08
396 0.06 0.02
397 0.45 0.49
398 0.01 0.14
399 0.46 0.13
400 0.25 0.34
401 0.17 0.47
402 0.03 0.16
403 0.41 0.03
404 0.07 0.27
405 0.43 0.37
406 0.3 0.34
407 0.06 0.23
408 0.21 0.46
409 0.19 0.18
410 0.05 0.35
411 0.02 0.12
412 0.29 0.25
413 0.2 0.33
414 0.14 0.49
415 0.3 0.15
416 0.42 0.09
417 0.46 0.15
418 0.15 0.49
419 0.1 0.37
420 0.47 0.05
421 0.04 0.29
422 0.33 0.03
423 0.08 0.38
424 0.36 0.04
425 0.33 0.39
426 0.48 0.3
427 0.38 0.39
428 0.08 0.48
429 0.11 0.08
430 0.17 0.11
431 0.21 0.04
432 0.35 0.07
433 0.47 0.18
434 0.47 0.08
435 0.17 0.48
436 0.37 0.18
437 0.2 0.09
438 0.33 0.08
439 0.39 0.42
440 0.4 0.4
441 0.15 0.39
442 0.35 0.42
443 0.18 0.02
444 0.28 0.16
445 0.45 0.49
446 0.33 0.23
447 0.11 0.23
448 0.45 0.12
449 0.27 0.42
450 0.21 0.02
451 0.34 0.22
452 0.03 0.49
453 0.19 0.07
454 0.13 0.01
455 0.34 0.49
456 0.42 0.4
457 0.26 0.44
458 0.32 0.26
459 0.19 0.3
460 0.41 0.2
461 0.29 0.17
462 0.35 0.04
463 0.17 0.09
464 0.27 0.26
465 0.12 0.24
466 0.25 0.42
467 0.35 0.32
468 0.3 0.46
469 0.31 0.24
470 0.25 0.48
471 0.05 0.2
472 0.26 0.37
473 0.16 0.15
474 0.29 0.19
475 0.19 0.35
476 0.3 0.09
477 0.05 0.4
478 0.29 0.42
479 0.32 0.08
480 0.02 0.02
481 0.04 0.45
482 0.34 0.04
483 0.39 0.14
484 0.11 0.06
485 0.4 0.45
486 0.44 0.13
487 0.37 0.03
488 0.01 0.23
489 0.46 0.09
490 0.18 0.07
491 0.1 0.42
492 0.07 0.28
493 0.39 0.44
494 0.26 0.39
495 0.27 0.48
496 0.43 0.07
497 0.27 0.37
498 0.41 0.13
499 0.39 0.18
500 0.08 0.29
501 0.39 0.12
502 0.26 0.25
503 0.38 0.06
504 0.36 0.39
505 0.17 0.1
506 0.05 0.31
507 0.3 0.06
508 0.35 0.46
509 0.38 0.32
510 0.45 0.46
511 0.33 0.5
512 0.09 0.2
513 0.08 0.03
514 0.29 0.08
515 0.33 0.38
516 0.36 0.2
517 0.45 0.17
518 0.46 0.48
519 0.26 0.35
520 0.38 0.13
521 0.44 0.29
522 0.36 0.46
523 0.05 0.31
524 0.21 0.03
525 0.26 0.13
526 0.4 0.34
527 0.06 0.4
528 0.49 0.08
529 0.44 0.22
530 0.04 0.21
531 0.19 0.19
532 0.09 0.3
533 0.18 0.19
534 0.06 0.44
535 0.23 0.02
536 0.17 0.02
537 0.04 0.17
538 0.06 0.05
539 0.46 0.19
540 0.12 0.3
541 0.46 0.11
542 0.33 0.22
543 0.09 0.03
544 0.15 0.35
545 0.45 0.23
546 0.33 0.49
547 0.12 0.43
548 0.22 0.48
549 0.01 0.14
550 0.44 0.28
551 0.23 0.05
552 0.37 0.15
553 0.37 0.12
554 0.21 0.19
555 0.06 0.05
556 0.19 0.05
557 0.28 0.32
558 0.15 0.12
559 0.26 0.09
560 0.01 0.07
561 0.21 0.4
562 0.22 0.17
563 0.08 0.19
564 0.12 0.05
565 0.01 0.27
566 0.02 0.35
567 0.03 0.04
568 0.01 0.25
569 0.28 0.23
570 0.49 0.25
571 0.07 0.46
572 0.05 0.19
573 0.14 0.33
574 0.04 0.27
575 0.38 0.24
576 0.31 0.1
577 0.12 0.21
578 0.4 0.25
579 0.42 0.25
580 0.24 0.03
581 0.07 0.15
582 0.14 0.49
583 0.5 0.46
584 0.39 0.11
585 0.08 0.15
586 0.26 0.26
587 0.06 0.48
588 0.33 0.37
589 0.06 0.45
590 0.03 0.16
591 0.37 0.36
592 0.09 0.02
593 0.43 0.24
594 0.37 0.18
595 0.21 0.03
596 0.09 0.13
597 0.24 0.43
598 0.17 0.48
599 0.06 0.34
600 0.49 0.19
601 0.38 0.11
602 0.44 0.3
603 0.45 0.48
604 0.2 0.43
605 0.21 0.33
606 0.34 0.27
607 0.32 0.39
608 0.14 0.39
609 0.22 0.21
610 0.42 0.44
611 0.14 0.13
612 0.27 0.38
613 0.12 0.18
614 0.3 0.19
615 0.09 0.18
616 0.15 0.38
617 0.03 0.17
618 0.48 0.23
619 0.02 0.13
620 0.2 0.39
621 0.37 0.3
622 0.22 0.37
623 0.37 0.27
624 0.19 0.4
625 0.34 0.41
626 0.07 0.29
627 0.14 0.11
628 0.05 0.07
629 0.18 0.22
630 0.27 0.29
631 0.14 0.01
632 0.34 0.4
633 0.15 0.3
634 0.08 0.02
635 0.34 0.34
636 0.2 0.28
637 0.02 0.13
638 0.35 0.15
639 0.45 0.42
640 0.22 0.45
641 0.37 0.33
642 0.07 0.06
643 0.37 0.14
644 0.32 0.41
645 0.18 0.39
646 0.19 0.2
647 0.28 0.38
648 0.1 0.44
649 0.4 0.07
650 0.23 0.28
651 0.44 0.29
652 0.44 0.11
653 0.18 0.33
654 0.44 0.05
655 0.2 0.45
656 0.14 0.47
657 0.24 0.42
658 0.16 0.05
659 0.5 0.49
660 0.23 0.16
661 0.38 0.28
662 0.39 0.06
663 0.24 0.39
664 0.24 0.36
665 0.19 0.12
666 0.49 0.34
667 0.07 0.37
668 0.39 0.19
669 0.41 0.06
670 0.35 0.29
671 0.11 0.4
672 0.47 0.31
673 0.36 0.06
674 0.33 0.46
675 0.32 0.28
676 0.1 0.11
677 0.41 0.33
678 0.35 0.17
679 0.42 0.42
680 0.33 0.34
681 0.39 0.33
682 0.39 0.17
683 0.2 0.15
684 0.26 0.14
685 0.29 0.32
686 0.1 0.42
687 0.06 0.13
688 0.38 0.45
689 0.34 0.27
690 0.28 0.05
691 0.4 0.48
692 0.36 0.12
693 0.21 0.3
694 0.07 0.36
695 0.46 0.22
696 0.49 0.18
697 0.13 0.46
698 0.39 0.06
699 0.24 0.11
700 0.08 0.09
701 0.14 0.05
702 0.39 0.47
703 0.2 0.46
704 0.15 0.43
705 0.12 0.49
706 0.34 0.46
707 0.45 0.27
708 0.21 0.49
709 0.33 0.08
710 0.06 0.13
711 0.33 0.02
712 0.03 0.33
713 0.46 0.14
714 0.33 0.43
715 0.06 0.3
716 0.13 0.01
717 0.42 0.29
718 0.13 0.03
719 0.25 0.45
720 0.14 0.48
721 0.43 0.22
722 0.16 0.03
723 0.17 0.15
724 0.41 0.45
725 0.2 0.1
726 0.15 0.43
727 0.35 0.12
728 0.02 0.42
729 0.29 0.3
730 0.25 0.11
731 0.04 0.44
732 0.11 0.19
733 0.31 0.18
734 0.39 0.24
735 0.12 0.34
736 0.25 0.35
737 0.4 0.04
738 0.28 0.31
739 0.37 0.2
740 0.2 0.07
741 0.12 0.19
742 0.24 0.46
743 0.39 0.34
744 0.1 0.09
745 0.34 0.04
746 0.3 0.04
747 0.18 0.22
748 0.02 0.33
749 0.33 0.04
750 0.43 0.03
751 0.16 0.23
752 0.18 0.37
753 0.18 0.25
754 0.47 0.1
755 0.27 0.49
756 0.43 0.13
757 0.32 0.08
758 0.28 0.1
759 0.39 0.42
760 0.02 0.4
761 0.11 0.3
762 0.38 0.19
763 0.12 0.09
764 0.33 0.22
765 0.02 0.07
766 0.37 0.43
767 0.13 0.47
768 0.15 0.15
769 0.38 0.39
770 0.11 0.28
771 0.14 0.17
772 0.21 0.35
773 0.34 0.13
774 0.37 0.03
775 0.23 0.05
776 0.37 0.36
777 0.47 0.42
778 0.09 0.47
779 0.31 0.31
780 0.13 0.27
781 0.43 0.29
782 0.09 0.24
783 0.02 0.18
784 0.4 0.07
785 0.05 0.15
786 0.11 0.05
787 0.13 0.18
788 0.22 0.15
789 0.38 0.5
790 0.31 0.35
791 0.17 0.09
792 0.04 0.25
793 0.29 0.24
794 0.25 0.44
795 0.28 0.14
796 0.47 0.36
797 0.12 0.12
798 0.22 0.11
799 0.06 0.44
800 0.31 0.32
801 0.21 0.23
802 0.21 0.02
803 0.21 0.47
804 0.16 0.04
805 0.36 0.09
806 0.26 0.5
807 0.16 0.44
808 0.12 0.14
809 0.45 0.34
810 0.39 0.33
811 0.34 0.44
812 0.22 0.06
813 0.08 0.39
814 0.03 0.49
815 0.14 0.25
816 0.38 0.18
817 0.13 0.22
818 0.22 0.23
819 0.18 0.02
820 0.38 0.09
821 0.47 0.36
822 0.49 0.42
823 0.34 0.44
824 0.37 0.33
825 0.41 0.14
826 0.4 0.34
827 0.05 0.4
828 0.11 0.17
829 0.33 0.3
830 0.2 0.21
831 0.06 0.48
832 0.07 0.43
833 0.41 0.34
834 0.2 0.25
835 0.18 0.38
836 0.04 0.2
837 0.3 0.18
838 0.3 0.46
839 0.01 0.03
840 0.42 0.45
841 0.14 0.19
842 0.41 0.2
843 0.06 0.25
844 0.27 0.17
845 0.33 0.09
846 0.18 0.09
847 0.33 0.23
848 0.18 0.47
849 0.28 0.07
850 0.26 0.01
851 0.38 0.32
852 0.5 0.33
853 0.08 0.27
854 0.36 0.5
855 0.48 0.35
856 0.49 0.23
857 0.19 0.03
858 0.42 0.44
859 0.27 0.46
860 0.3 0.15
861 0.25 0.38
862 0.34 0.03
863 0.06 0.2
864 0.04 0.23
865 0.15 0.23
866 0.04 0.27
867 0.18 0.38
868 0.19 0.33
869 0.45 0.11
870 0.07 0.21
871 0.04 0.07
872 0.19 0.07
873 0.07 0.1
874 0.1 0.45
875 0.32 0.09
876 0.31 0.14
877 0.48 0.35
878 0.45 0.19
879 0.36 0.46
880 0.03 0.03
881 0.25 0.1
882 0.18 0.06
883 0.16 0.38
884 0.26 0.27
885 0.06 0.48
886 0.3 0.11
887 0.35 0.47
888 0.37 0.38
889 0.13 0.49
890 0.1 0.3
891 0.02 0.28
892 0.07 0.09
893 0.11 0.41
894 0.33 0.36
895 0.17 0.28
896 0.45 0.03
897 0.14 0.08
898 0.05 0.08
899 0.12 0.12
900 0.42 0.07
901 0.32 0.39
902 0.05 0.29
903 0.38 0.47
904 0.44 0.16
905 0.42 0.12
906 0.37 0.38
907 0.33 0.22
908 0.29 0.21
909 0.05 0.45
910 0.46 0.42
911 0.43 0.46
912 0.04 0.27
913 0.17 0.11
914 0.04 0.06
915 0.33 0.08
916 0.25 0.39
917 0.03 0.37
918 0.49 0.17
919 0.4 0.08
920 0.31 0.37
921 0.18 0.42
922 0.29 0.01
923 0.07 0.08
924 0.1 0.4
925 0.48 0.03
926 0.15 0.15
927 0.1 0.16
928 0.34 0.37
929 0.39 0.49
930 0.21 0.09
931 0.36 0.3
932 0.11 0.36
933 0.34 0.12
934 0.49 0.36
935 0.11 0.08
936 0.47 0.33
937 0.14 0.23
938 0.46 0.43
939 0.24 0.44
940 0.43 0.14
941 0.13 0.32
942 0.31 0.33
943 0.15 0.31
944 0.33 0.39
945 0.31 0.49
946 0.03 0.45
947 0.29 0.04
948 0.17 0.47
949 0.29 0.36
950 0.08 0.03
951 0.1 0.26
952 0.5 0.34
953 0.02 0.19
954 0.32 0.17
955 0.31 0.13
956 0.27 0.42
957 0.15 0.46
958 0.18 0.38
959 0.39 0.23
960 0.23 0.34
961 0.32 0.13
962 0.13 0.42
963 0.11 0.5
964 0.2 0.5
965 0.29 0.11
966 0.11 0.4
967 0.15 0.32
968 0.05 0.02
969 0.35 0.41
970 0.47 0.47
971 0.37 0.2
972 0.46 0.3
973 0.47 0.01
974 0.14 0.28
975 0.15 0.11
976 0.12 0.01
977 0.39 0.23
978 0.38 0.08
979 0.45 0.22
980 0.13 0.1
981 0.25 0.38
982 0.47 0.38
983 0.08 0.04
984 0.19 0.47
985 0.31 0.13
986 0.29 0.45
987 0.41 0.07
988 0.39 0.38
989 0.35 0.48
990 0.26 0.16
991 0.42 0.1
992 0.32 0.41
993 0.12 0.43
994 0.3 0.22
995 0.25 0.35
996 0.06 0.44
997 0.22 0.12
998 0.24 0.42
999 0.07 0.1
