100
0 0.49 0.36
1 0.39 0.41
2 0.28 0.33
3 0.35 0.43
4 0.29 0.36
5 0.28 0.45
6 0.5 0.3
7 0.14 0.41
8 0.41 0.21
9 0.04 0.4
10 0.27 0.11
11 0.28 0.05
12 0.18 0.28
13 0.21 0.06
14 0.32 0.39
15 0.02 0.25
16 0.38 0.48
17 0.36 0.33
18 0.06 0.41
19 0.17 0.13
20 0.4 0.29
21 0.43 0.09
22 0.16 0.48
23 0.35 0.17
24 0.04 0.31
25 0.48 0.03
26 0.18 0.14
27 0.03 0.23
28 0.14 0.32
29 0.09 0.15
30 0.15 0.17
31 0.05 0.07
32 0.01 0.12
33 0.34 0.21
34 0.25 0.17
35 0.15 0.34
36 0.41 0.04
37 0.03 0.25
38 0.1 0.08
39 0.25 0.4
40 0.32 0.01
41 0.1 0.37
42 0.42 0.27
43 0.41 0.17
44 0.03 0.18
45 0.27 0.26
46 0.36 0.47
47 0.27 0.2
48 0.38 0.3
49 0.38 0.15
50 0.03 0.32
51 0.36 0.4
52 0.15 0.12
53 0.29 0.42
54 0.48 0.4
55 0.16 0.48
56 0.42 0.5
57 0.27 0.14
58 0.14 0.29
59 0.15 0.24
60 0.45 0.38
61 0.07 0.34
62 0.13 0.36
63 0.17 0.49
64 0.01 0.36
65 0.19 0.34
66 0.06 0.05
67 0.19 0.41
68 0.29 0.24
69 0.06 0.25
70 0.47 0.05
71 0.13 0.3
72 0.43 0.47
73 0.43 0.28
74 0.21 0.3
75 0.46 0.03
76 0.19 0.03
77 0.29 0.47
78 0.4 0.38
79 0.32 0.41
80 0.42 0.45
81 0.1 0.16
82 0.36 0.21
83 0.34 0.17
84 0.14 0.31
85 0.08 0.2
86 0.34 0.17
87 0.29 0.07
88 0.34 0.23
89 0.41 0.34
90 0.29 0.03
91 0.3 0.44
92 0.2 0.48
93 0.1 0.24
94 0.07 0.4
95 0.17 0.34
96 0.27 0.32
97 0.42 0.19
98 0.07 0.29
99 0.08 0.17
